Freq(hertz)	Xd(mm)
10.00   	0.501   
10.14   	0.501   
10.29   	0.501   
10.44   	0.501   
10.59   	0.501   
10.74   	0.502   
10.90   	0.502   
11.05   	0.502   
11.21   	0.502   
11.37   	0.503   
11.54   	0.503   
11.70   	0.503   
11.87   	0.503   
12.04   	0.503   
12.22   	0.504   
12.39   	0.504   
12.57   	0.504   
12.75   	0.504   
12.94   	0.505   
13.12   	0.505   
13.31   	0.505   
13.50   	0.506   
13.70   	0.506   
13.89   	0.506   
14.10   	0.506   
14.30   	0.507   
14.50   	0.507   
14.71   	0.507   
14.92   	0.508   
15.14   	0.508   
15.36   	0.508   
15.58   	0.509   
15.80   	0.509   
16.03   	0.509   
16.26   	0.510   
16.50   	0.510   
16.73   	0.510   
16.98   	0.511   
17.22   	0.511   
17.47   	0.511   
17.72   	0.512   
17.97   	0.512   
18.23   	0.512   
18.50   	0.513   
18.76   	0.513   
19.03   	0.513   
19.31   	0.514   
19.59   	0.514   
19.87   	0.514   
20.15   	0.514   
20.44   	0.515   
20.74   	0.515   
21.04   	0.515   
21.34   	0.515   
21.65   	0.515   
21.96   	0.515   
22.28   	0.515   
22.60   	0.515   
22.92   	0.515   
23.25   	0.515   
23.59   	0.515   
23.93   	0.515   
24.27   	0.514   
24.62   	0.514   
24.98   	0.513   
25.34   	0.512   
25.70   	0.512   
26.07   	0.511   
26.45   	0.510   
26.83   	0.508   
27.21   	0.507   
27.61   	0.505   
28.00   	0.503   
28.41   	0.501   
28.82   	0.498   
29.23   	0.496   
29.65   	0.493   
30.08   	0.489   
30.51   	0.485   
30.95   	0.481   
31.40   	0.476   
31.85   	0.471   
32.31   	0.466   
32.77   	0.459   
33.25   	0.453   
33.72   	0.445   
34.21   	0.437   
34.70   	0.429   
35.20   	0.420   
35.71   	0.410   
36.22   	0.399   
36.75   	0.388   
37.28   	0.376   
37.81   	0.363   
38.36   	0.350   
38.91   	0.336   
39.47   	0.322   
40.04   	0.307   
40.62   	0.292   
41.20   	0.276   
41.79   	0.260   
42.40   	0.244   
43.01   	0.227   
43.63   	0.210   
44.26   	0.194   
44.89   	0.177   
45.54   	0.160   
46.20   	0.144   
46.86   	0.128   
47.54   	0.111   
48.22   	0.096   
48.91   	0.080   
49.62   	0.065   
50.33   	0.051   
51.06   	0.037   
51.79   	0.023   
52.54   	0.011   
53.30   	0.007   
54.07   	0.017   
54.84   	0.028   
55.63   	0.039   
56.44   	0.050   
57.25   	0.060   
58.07   	0.070   
58.91   	0.080   
59.76   	0.088   
60.62   	0.097   
61.49   	0.105   
62.38   	0.112   
63.28   	0.119   
64.19   	0.126   
65.11   	0.132   
66.05   	0.138   
67.00   	0.143   
67.97   	0.148   
68.95   	0.152   
69.94   	0.156   
70.95   	0.160   
71.97   	0.163   
73.01   	0.166   
74.06   	0.168   
75.12   	0.170   
76.21   	0.172   
77.30   	0.173   
78.42   	0.174   
79.55   	0.175   
80.69   	0.175   
81.85   	0.175   
83.03   	0.175   
84.23   	0.174   
85.44   	0.174   
86.67   	0.173   
87.92   	0.171   
89.19   	0.170   
90.47   	0.168   
91.78   	0.166   
93.10   	0.164   
94.44   	0.162   
95.80   	0.159   
97.18   	0.157   
98.58   	0.154   
100.00  	0.152   
101.44  	0.149   
102.90  	0.146   
104.38  	0.143   
105.89  	0.140   
107.41  	0.137   
108.96  	0.134   
110.53  	0.131   
112.12  	0.128   
113.74  	0.125   
115.38  	0.122   
117.04  	0.119   
118.72  	0.116   
120.43  	0.113   
122.17  	0.110   
123.93  	0.107   
125.71  	0.104   
127.52  	0.101   
129.36  	0.098   
131.22  	0.096   
133.11  	0.093   
135.03  	0.090   
136.98  	0.088   
138.95  	0.085   
140.95  	0.082   
142.98  	0.080   
145.04  	0.077   
147.13  	0.075   
149.25  	0.073   
151.40  	0.070   
153.58  	0.068   
155.79  	0.066   
158.04  	0.064   
160.31  	0.062   
162.62  	0.060   
164.96  	0.058   
167.34  	0.056   
169.75  	0.054   
172.20  	0.052   
174.68  	0.050   
177.19  	0.048   
179.75  	0.046   
182.33  	0.044   
184.96  	0.042   
187.63  	0.040   
190.33  	0.038   
193.07  	0.036   
195.85  	0.034   
198.67  	0.031   
201.53  	0.030   
204.44  	0.030   
207.38  	0.033   
210.37  	0.036   
213.40  	0.038   
216.47  	0.037   
219.59  	0.035   
222.75  	0.034   
225.96  	0.033   
229.22  	0.031   
232.52  	0.030   
235.87  	0.029   
239.27  	0.028   
242.71  	0.027   
246.21  	0.026   
249.76  	0.025   
253.35  	0.024   
257.00  	0.023   
260.70  	0.022   
264.46  	0.021   
268.27  	0.020   
272.13  	0.020   
276.05  	0.019   
280.03  	0.018   
284.06  	0.018   
288.16  	0.017   
292.31  	0.016   
296.52  	0.016   
300.79  	0.015   
305.12  	0.015   
309.52  	0.014   
313.97  	0.013   
318.50  	0.013   
323.08  	0.012   
327.74  	0.012   
332.46  	0.011   
337.25  	0.011   
342.11  	0.011   
347.03  	0.010   
352.03  	0.010   
357.10  	0.009   
362.25  	0.009   
367.47  	0.009   
372.76  	0.008   
378.13  	0.008   
383.58  	0.008   
389.10  	0.007   
394.71  	0.007   
400.39  	0.007   
406.16  	0.006   
412.01  	0.006   
417.94  	0.005   
423.96  	0.004   
430.07  	0.000   
436.27  	0.023   
442.55  	0.009   
448.93  	0.007   
455.39  	0.007   
461.95  	0.006   
468.61  	0.006   
475.36  	0.005   
482.20  	0.005   
489.15  	0.005   
496.19  	0.005   
503.34  	0.004   
510.59  	0.004   
517.95  	0.004   
525.41  	0.004   
532.98  	0.004   
540.65  	0.003   
548.44  	0.003   
556.34  	0.003   
564.36  	0.003   
572.48  	0.003   
580.73  	0.003   
589.10  	0.003   
597.58  	0.003   
606.19  	0.002   
614.92  	0.002   
623.78  	0.002   
632.76  	0.002   
641.88  	0.002   
651.13  	0.002   
660.50  	0.002   
670.02  	0.002   
679.67  	0.002   
689.46  	0.002   
699.39  	0.002   
709.47  	0.002   
719.69  	0.001   
730.05  	0.001   
740.57  	0.001   
751.24  	0.001   
762.06  	0.001   
773.03  	0.001   
784.17  	0.001   
795.47  	0.001   
806.92  	0.001   
818.55  	0.001   
830.34  	0.001   
842.30  	0.001   
854.43  	0.001   
866.74  	0.001   
879.22  	0.001   
891.89  	0.001   
904.74  	0.001   
917.77  	0.001   
930.99  	0.001   
944.40  	0.001   
958.00  	0.001   
971.80  	0.001   
985.80  	0.001   
1000.00 	0.001   
1014.40 	0.001   
1029.02 	0.001   
1043.84 	0.001   
1058.88 	0.001   
1074.13 	0.000   
1089.60 	0.000   
1105.30 	0.000   
1121.22 	0.000   
1137.37 	0.000   
1153.75 	0.000   
1170.37 	0.000   
1187.23 	0.000   
1204.33 	0.000   
1221.68 	0.000   
1239.28 	0.000   
1257.13 	0.000   
1275.23 	0.000   
1293.60 	0.000   
1312.24 	0.000   
1331.14 	0.000   
1350.31 	0.000   
1369.76 	0.000   
1389.50 	0.000   
1409.51 	0.000   
1429.81 	0.000   
1450.41 	0.000   
1471.30 	0.000   
1492.50 	0.000   
1513.99 	0.000   
1535.80 	0.000   
1557.93 	0.000   
1580.37 	0.000   
1603.13 	0.000   
1626.22 	0.000   
1649.65 	0.000   
1673.41 	0.000   
1697.52 	0.000   
1721.97 	0.000   
1746.77 	0.000   
1771.93 	0.000   
1797.46 	0.000   
1823.35 	0.000   
1849.61 	0.000   
1876.26 	0.000   
1903.28 	0.000   
1930.70 	0.000   
1958.51 	0.000   
1986.72 	0.000   
2015.34 	0.000   
2044.37 	0.000   
2073.82 	0.000   
2103.69 	0.000   
2133.99 	0.000   
2164.73 	0.000   
2195.91 	0.000   
2227.54 	0.000   
2259.63 	0.000   
2292.18 	0.000   
2325.20 	0.000   
2358.69 	0.000   
2392.67 	0.000   
2427.13 	0.000   
2462.09 	0.000   
2497.56 	0.000   
2533.53 	0.000   
2570.03 	0.000   
2607.05 	0.000   
2644.60 	0.000   
2682.70 	0.000   
2721.34 	0.000   
2760.54 	0.000   
2800.30 	0.000   
2840.64 	0.000   
2881.56 	0.000   
2923.07 	0.000   
2965.17 	0.000   
3007.88 	0.000   
3051.21 	0.000   
3095.16 	0.000   
3139.75 	0.000   
3184.97 	0.000   
3230.85 	0.000   
3277.39 	0.000   
3324.60 	0.000   
3372.49 	0.000   
3421.07 	0.000   
3470.35 	0.000   
3520.33 	0.000   
3571.04 	0.000   
3622.48 	0.000   
3674.66 	0.000   
3727.59 	0.000   
3781.29 	0.000   
3835.76 	0.000   
3891.01 	0.000   
3947.06 	0.000   
4003.91 	0.000   
4061.59 	0.000   
4120.09 	0.000   
4179.44 	0.000   
4239.64 	0.000   
4300.71 	0.000   
4362.66 	0.000   
4425.50 	0.000   
4489.25 	0.000   
4553.92 	0.000   
4619.51 	0.000   
4686.06 	0.000   
4753.56 	0.000   
4822.03 	0.000   
4891.49 	0.000   
4961.95 	0.000   
5033.42 	0.000   
5105.93 	0.000   
5179.47 	0.000   
5254.08 	0.000   
5329.77 	0.000   
5406.54 	0.000   
5484.42 	0.000   
5563.42 	0.000   
5643.56 	0.000   
5724.85 	0.000   
5807.31 	0.000   
5890.96 	0.000   
5975.82 	0.000   
6061.90 	0.000   
6149.22 	0.000   
6237.79 	0.000   
6327.65 	0.000   
6418.79 	0.000   
6511.25 	0.000   
6605.04 	0.000   
6700.19 	0.000   
6796.70 	0.000   
6894.60 	0.000   
6993.92 	0.000   
7094.66 	0.000   
7196.86 	0.000   
7300.52 	0.000   
7405.68 	0.000   
7512.36 	0.000   
7620.57 	0.000   
7730.34 	0.000   
7841.69 	0.000   
7954.65 	0.000   
8069.23 	0.000   
8185.47 	0.000   
8303.38 	0.000   
8422.98 	0.000   
8544.31 	0.000   
8667.39 	0.000   
8792.24 	0.000   
8918.88 	0.000   
9047.36 	0.000   
9177.68 	0.000   
9309.88 	0.000   
9443.98 	0.000   
9580.02 	0.000   
9718.02 	0.000   
9858.00 	0.000   
10000.00	0.000   
10144.05	0.000   
10290.17	0.000   
10438.39	0.000   
10588.75	0.000   
10741.28	0.000   
10896.00	0.000   
11052.95	0.000   
11212.16	0.000   
11373.67	0.000   
11537.50	0.000   
11703.69	0.000   
11872.28	0.000   
12043.30	0.000   
12216.77	0.000   
12392.75	0.000   
12571.26	0.000   
12752.35	0.000   
12936.04	0.000   
13122.37	0.000   
13311.40	0.000   
13503.14	0.000   
13697.65	0.000   
13894.95	0.000   
14095.11	0.000   
14298.14	0.000   
14504.10	0.000   
14713.02	0.000   
14924.96	0.000   
15139.94	0.000   
15358.03	0.000   
15579.25	0.000   
15803.66	0.000   
16031.31	0.000   
16262.23	0.000   
16496.48	0.000   
16734.10	0.000   
16975.15	0.000   
17219.67	0.000   
17467.71	0.000   
17719.33	0.000   
17974.56	0.000   
18233.48	0.000   
18496.12	0.000   
18762.55	0.000   
19032.82	0.000   
19306.98	0.000   
19585.09	0.000   
19867.20	0.000   
20000.00	0.000   
