Freq(hertz)	Ze(ohms)	ZePhase(deg)
10.00   	6.41    	19.51   
10.14   	6.42    	19.81   
10.29   	6.43    	20.11   
10.44   	6.45    	20.42   
10.59   	6.46    	20.73   
10.74   	6.48    	21.05   
10.90   	6.50    	21.37   
11.05   	6.51    	21.70   
11.21   	6.53    	22.03   
11.37   	6.55    	22.37   
11.54   	6.57    	22.72   
11.70   	6.58    	23.07   
11.87   	6.60    	23.43   
12.04   	6.63    	23.79   
12.22   	6.65    	24.16   
12.39   	6.67    	24.54   
12.57   	6.69    	24.92   
12.75   	6.72    	25.31   
12.94   	6.74    	25.71   
13.12   	6.77    	26.12   
13.31   	6.80    	26.53   
13.50   	6.83    	26.95   
13.70   	6.86    	27.38   
13.89   	6.89    	27.81   
14.10   	6.92    	28.26   
14.30   	6.95    	28.71   
14.50   	6.99    	29.17   
14.71   	7.03    	29.64   
14.92   	7.07    	30.12   
15.14   	7.11    	30.61   
15.36   	7.15    	31.10   
15.58   	7.19    	31.61   
15.80   	7.24    	32.13   
16.03   	7.29    	32.65   
16.26   	7.34    	33.19   
16.50   	7.40    	33.74   
16.73   	7.45    	34.30   
16.98   	7.52    	34.87   
17.22   	7.58    	35.45   
17.47   	7.65    	36.05   
17.72   	7.72    	36.65   
17.97   	7.79    	37.27   
18.23   	7.87    	37.90   
18.50   	7.96    	38.55   
18.76   	8.05    	39.21   
19.03   	8.14    	39.88   
19.31   	8.24    	40.56   
19.59   	8.35    	41.26   
19.87   	8.47    	41.98   
20.15   	8.59    	42.71   
20.44   	8.72    	43.45   
20.74   	8.86    	44.21   
21.04   	9.02    	44.99   
21.34   	9.18    	45.78   
21.65   	9.36    	46.59   
21.96   	9.55    	47.41   
22.28   	9.76    	48.25   
22.60   	9.98    	49.10   
22.92   	10.23   	49.97   
23.25   	10.50   	50.85   
23.59   	10.80   	51.75   
23.93   	11.13   	52.66   
24.27   	11.49   	53.58   
24.62   	11.90   	54.51   
24.98   	12.35   	55.44   
25.34   	12.86   	56.37   
25.70   	13.44   	57.31   
26.07   	14.10   	58.23   
26.45   	14.86   	59.13   
26.83   	15.75   	60.00   
27.21   	16.78   	60.82   
27.61   	18.02   	61.56   
28.00   	19.50   	62.20   
28.41   	21.32   	62.68   
28.82   	23.60   	62.92   
29.23   	26.53   	62.81   
29.65   	30.40   	62.14   
30.08   	35.72   	60.58   
30.51   	43.36   	57.48   
30.95   	54.81   	51.51   
31.40   	72.07   	39.87   
31.85   	92.24   	17.80   
32.31   	93.55   	-13.18  
32.77   	72.72   	-37.27  
33.25   	53.59   	-50.13  
33.72   	40.92   	-56.47  
34.21   	32.60   	-59.48  
34.70   	26.88   	-60.67  
35.20   	22.77   	-60.76  
35.71   	19.70   	-60.15  
36.22   	17.33   	-59.04  
36.75   	15.46   	-57.59  
37.28   	13.95   	-55.86  
37.81   	12.72   	-53.93  
38.36   	11.70   	-51.83  
38.91   	10.84   	-49.60  
39.47   	10.11   	-47.26  
40.04   	9.49    	-44.84  
40.62   	8.96    	-42.33  
41.20   	8.51    	-39.78  
41.79   	8.12    	-37.17  
42.40   	7.78    	-34.53  
43.01   	7.48    	-31.86  
43.63   	7.23    	-29.18  
44.26   	7.01    	-26.48  
44.89   	6.83    	-23.79  
45.54   	6.67    	-21.09  
46.20   	6.53    	-18.40  
46.86   	6.42    	-15.72  
47.54   	6.33    	-13.05  
48.22   	6.25    	-10.40  
48.91   	6.20    	-7.78   
49.62   	6.16    	-5.17   
50.33   	6.13    	-2.58   
51.06   	6.12    	-0.02   
51.79   	6.12    	2.52    
52.54   	6.14    	5.03    
53.30   	6.17    	7.52    
54.07   	6.21    	9.98    
54.84   	6.27    	12.42   
55.63   	6.34    	14.84   
56.44   	6.43    	17.24   
57.25   	6.53    	19.61   
58.07   	6.64    	21.96   
58.91   	6.77    	24.29   
59.76   	6.92    	26.60   
60.62   	7.10    	28.89   
61.49   	7.29    	31.15   
62.38   	7.50    	33.39   
63.28   	7.75    	35.61   
64.19   	8.02    	37.80   
65.11   	8.33    	39.96   
66.05   	8.68    	42.09   
67.00   	9.08    	44.19   
67.97   	9.53    	46.24   
68.95   	10.05   	48.25   
69.94   	10.64   	50.21   
70.95   	11.32   	52.09   
71.97   	12.12   	53.90   
73.01   	13.06   	55.61   
74.06   	14.17   	57.20   
75.12   	15.52   	58.63   
76.21   	17.16   	59.85   
77.30   	19.21   	60.79   
78.42   	21.82   	61.34   
79.55   	25.23   	61.33   
80.69   	29.86   	60.45   
81.85   	36.39   	58.17   
83.03   	45.99   	53.43   
84.23   	60.38   	44.08   
85.44   	79.27   	26.21   
86.67   	89.19   	-1.80   
87.92   	76.25   	-28.26  
89.19   	58.20   	-44.11  
90.47   	45.07   	-52.38  
91.78   	36.29   	-56.65  
93.10   	30.26   	-58.78  
94.44   	25.94   	-59.68  
95.80   	22.72   	-59.84  
97.18   	20.24   	-59.52  
98.58   	18.29   	-58.87  
100.00  	16.71   	-57.99  
101.44  	15.41   	-56.96  
102.90  	14.33   	-55.81  
104.38  	13.41   	-54.58  
105.89  	12.63   	-53.30  
107.41  	11.95   	-51.97  
108.96  	11.36   	-50.62  
110.53  	10.85   	-49.24  
112.12  	10.40   	-47.85  
113.74  	9.99    	-46.46  
115.38  	9.63    	-45.07  
117.04  	9.31    	-43.68  
118.72  	9.02    	-42.29  
120.43  	8.76    	-40.91  
122.17  	8.52    	-39.54  
123.93  	8.31    	-38.19  
125.71  	8.11    	-36.84  
127.52  	7.94    	-35.50  
129.36  	7.77    	-34.18  
131.22  	7.62    	-32.87  
133.11  	7.49    	-31.58  
135.03  	7.36    	-30.30  
136.98  	7.25    	-29.03  
138.95  	7.14    	-27.77  
140.95  	7.04    	-26.53  
142.98  	6.95    	-25.30  
145.04  	6.87    	-24.09  
147.13  	6.79    	-22.88  
149.25  	6.72    	-21.69  
151.40  	6.66    	-20.51  
153.58  	6.60    	-19.33  
155.79  	6.54    	-18.17  
158.04  	6.49    	-17.01  
160.31  	6.45    	-15.87  
162.62  	6.40    	-14.72  
164.96  	6.37    	-13.58  
167.34  	6.33    	-12.45  
169.75  	6.30    	-11.31  
172.20  	6.28    	-10.18  
174.68  	6.25    	-9.04   
177.19  	6.24    	-7.88   
179.75  	6.22    	-6.72   
182.33  	6.21    	-5.53   
184.96  	6.21    	-4.32   
187.63  	6.22    	-3.07   
190.33  	6.24    	-1.76   
193.07  	6.28    	-0.40   
195.85  	6.34    	1.02    
198.67  	6.47    	2.40    
201.53  	6.68    	3.40    
204.44  	6.98    	3.03    
207.38  	7.17    	0.33    
210.37  	6.96    	-2.35   
213.40  	6.63    	-2.63   
216.47  	6.41    	-1.53   
219.59  	6.29    	-0.09   
222.75  	6.22    	1.33    
225.96  	6.18    	2.65    
229.22  	6.16    	3.89    
232.52  	6.15    	5.05    
235.87  	6.14    	6.14    
239.27  	6.14    	7.19    
242.71  	6.15    	8.20    
246.21  	6.16    	9.17    
249.76  	6.17    	10.12   
253.35  	6.18    	11.05   
257.00  	6.20    	11.95   
260.70  	6.22    	12.84   
264.46  	6.24    	13.71   
268.27  	6.26    	14.57   
272.13  	6.28    	15.42   
276.05  	6.30    	16.25   
280.03  	6.33    	17.08   
284.06  	6.35    	17.89   
288.16  	6.38    	18.70   
292.31  	6.41    	19.50   
296.52  	6.44    	20.29   
300.79  	6.47    	21.07   
305.12  	6.51    	21.85   
309.52  	6.54    	22.62   
313.97  	6.58    	23.38   
318.50  	6.61    	24.14   
323.08  	6.65    	24.89   
327.74  	6.69    	25.64   
332.46  	6.73    	26.38   
337.25  	6.78    	27.12   
342.11  	6.82    	27.85   
347.03  	6.87    	28.58   
352.03  	6.92    	29.30   
357.10  	6.97    	30.02   
362.25  	7.02    	30.73   
367.47  	7.08    	31.44   
372.76  	7.14    	32.13   
378.13  	7.20    	32.80   
383.58  	7.26    	33.44   
389.10  	7.32    	34.08   
394.71  	7.37    	34.79   
400.39  	7.43    	35.58   
406.16  	7.50    	36.45   
412.01  	7.58    	37.42   
417.94  	7.70    	38.60   
423.96  	7.88    	40.33   
430.07  	8.46    	44.84   
436.27  	6.54    	17.64   
442.55  	7.38    	34.97   
448.93  	7.60    	37.50   
455.39  	7.74    	38.84   
461.95  	7.84    	39.83   
468.61  	7.94    	40.67   
475.36  	8.03    	41.42   
482.20  	8.12    	42.12   
489.15  	8.20    	42.79   
496.19  	8.29    	43.44   
503.34  	8.37    	44.06   
510.59  	8.46    	44.67   
517.95  	8.55    	45.27   
525.41  	8.64    	45.85   
532.98  	8.73    	46.42   
540.65  	8.82    	46.98   
548.44  	8.92    	47.53   
556.34  	9.01    	48.07   
564.36  	9.11    	48.59   
572.48  	9.21    	49.10   
580.73  	9.30    	49.60   
589.10  	9.40    	50.11   
597.58  	9.50    	50.63   
606.19  	9.60    	51.15   
614.92  	9.70    	51.67   
623.78  	9.81    	52.18   
632.76  	9.92    	52.68   
641.88  	10.03   	53.17   
651.13  	10.15   	53.66   
660.50  	10.26   	54.14   
670.02  	10.38   	54.61   
679.67  	10.50   	55.08   
689.46  	10.63   	55.54   
699.39  	10.75   	56.00   
709.47  	10.88   	56.44   
719.69  	11.01   	56.88   
730.05  	11.15   	57.31   
740.57  	11.28   	57.72   
751.24  	11.42   	58.11   
762.06  	11.55   	58.50   
773.03  	11.69   	58.90   
784.17  	11.83   	59.33   
795.47  	11.97   	59.76   
806.92  	12.12   	60.18   
818.55  	12.27   	60.60   
830.34  	12.44   	61.02   
842.30  	12.62   	61.46   
854.43  	12.86   	62.07   
866.74  	12.68   	61.09   
879.22  	12.97   	61.98   
891.89  	13.13   	62.47   
904.74  	13.29   	62.95   
917.77  	13.46   	63.40   
930.99  	13.64   	63.81   
944.40  	13.82   	64.19   
958.00  	14.00   	64.56   
971.80  	14.18   	64.92   
985.80  	14.37   	65.26   
1000.00 	14.56   	65.61   
1014.40 	14.75   	65.94   
1029.02 	14.94   	66.28   
1043.84 	15.14   	66.61   
1058.88 	15.33   	66.94   
1074.13 	15.54   	67.26   
1089.60 	15.74   	67.57   
1105.30 	15.95   	67.89   
1121.22 	16.16   	68.19   
1137.37 	16.38   	68.49   
1153.75 	16.60   	68.79   
1170.37 	16.82   	69.09   
1187.23 	17.04   	69.37   
1204.33 	17.27   	69.66   
1221.68 	17.51   	69.94   
1239.28 	17.74   	70.23   
1257.13 	17.99   	70.51   
1275.23 	18.25   	70.80   
1293.60 	18.20   	70.72   
1312.24 	18.68   	71.26   
1331.14 	18.95   	71.53   
1350.31 	19.21   	71.79   
1369.76 	19.48   	72.05   
1389.50 	19.74   	72.30   
1409.51 	20.01   	72.55   
1429.81 	20.29   	72.79   
1450.41 	20.57   	73.03   
1471.30 	20.85   	73.27   
1492.50 	21.14   	73.50   
1513.99 	21.43   	73.73   
1535.80 	21.72   	73.96   
1557.93 	22.02   	74.18   
1580.37 	22.33   	74.40   
1603.13 	22.64   	74.62   
1626.22 	22.95   	74.83   
1649.65 	23.27   	75.04   
1673.41 	23.59   	75.24   
1697.52 	23.93   	75.45   
1721.97 	23.89   	75.30   
1746.77 	24.56   	75.83   
1771.93 	24.91   	76.04   
1797.46 	25.26   	76.24   
1823.35 	25.61   	76.44   
1849.61 	25.97   	76.63   
1876.26 	26.33   	76.82   
1903.28 	26.70   	77.01   
1930.70 	27.07   	77.19   
1958.51 	27.45   	77.37   
1986.72 	27.84   	77.55   
2015.34 	28.23   	77.73   
2044.37 	28.63   	77.90   
2073.82 	29.03   	78.07   
2103.69 	29.44   	78.24   
2133.99 	29.86   	78.41   
2164.73 	30.26   	78.56   
2195.91 	30.69   	78.72   
2227.54 	31.13   	78.88   
2259.63 	31.57   	79.04   
2292.18 	32.01   	79.20   
2325.20 	32.47   	79.35   
2358.69 	32.92   	79.50   
2392.67 	33.39   	79.65   
2427.13 	33.86   	79.79   
2462.09 	34.34   	79.93   
2497.56 	34.83   	80.08   
2533.53 	35.32   	80.21   
2570.03 	35.83   	80.35   
2607.05 	36.32   	80.48   
2644.60 	36.84   	80.62   
2682.70 	37.36   	80.76   
2721.34 	37.89   	80.89   
2760.54 	38.43   	81.02   
2800.30 	38.98   	81.14   
2840.64 	39.53   	81.27   
2881.56 	40.09   	81.39   
2923.07 	40.66   	81.51   
2965.17 	41.24   	81.63   
3007.88 	41.87   	81.76   
3051.21 	42.42   	81.87   
3095.16 	43.03   	81.98   
3139.75 	43.64   	82.10   
3184.97 	44.26   	82.21   
3230.85 	44.89   	82.32   
3277.39 	45.53   	82.43   
3324.60 	46.18   	82.53   
3372.49 	46.84   	82.64   
3421.07 	47.52   	82.74   
3470.35 	48.18   	82.84   
3520.33 	48.87   	82.95   
3571.04 	49.57   	83.05   
3622.48 	50.28   	83.15   
3674.66 	51.00   	83.24   
3727.59 	51.73   	83.34   
3781.29 	52.47   	83.43   
3835.76 	53.22   	83.53   
3891.01 	53.98   	83.62   
3947.06 	54.75   	83.71   
4003.91 	55.53   	83.80   
4061.59 	56.33   	83.89   
4120.09 	57.14   	83.97   
4179.44 	57.95   	84.06   
4239.64 	58.78   	84.14   
4300.71 	59.43   	84.19   
4362.66 	60.48   	84.30   
4425.50 	61.34   	84.39   
4489.25 	62.22   	84.47   
4553.92 	63.11   	84.54   
4619.51 	64.02   	84.62   
4686.06 	64.94   	84.70   
4753.56 	65.86   	84.77   
4822.03 	66.81   	84.85   
4891.49 	67.77   	84.92   
4961.95 	68.74   	84.99   
5033.42 	69.73   	85.06   
5105.93 	70.73   	85.13   
5179.47 	71.74   	85.20   
5254.08 	72.77   	85.27   
5329.77 	73.81   	85.34   
5406.54 	74.87   	85.40   
5484.42 	75.95   	85.47   
5563.42 	77.04   	85.53   
5643.56 	78.14   	85.60   
5724.85 	79.27   	85.66   
5807.31 	80.40   	85.72   
5890.96 	81.56   	85.78   
5975.82 	82.73   	85.84   
6061.90 	83.92   	85.90   
6149.22 	85.12   	85.96   
6237.79 	86.35   	86.02   
6327.65 	87.59   	86.07   
6418.79 	88.85   	86.13   
6511.25 	90.12   	86.18   
6605.04 	91.42   	86.24   
6700.19 	92.73   	86.29   
6796.70 	94.06   	86.34   
6894.60 	95.41   	86.39   
6993.92 	96.78   	86.45   
7094.66 	98.18   	86.50   
7196.86 	99.59   	86.55   
7300.52 	101.02  	86.59   
7405.68 	102.47  	86.64   
7512.36 	103.94  	86.69   
7620.57 	105.44  	86.74   
7730.34 	106.96  	86.78   
7841.69 	108.49  	86.83   
7954.65 	110.05  	86.87   
8069.23 	111.63  	86.92   
8185.47 	113.24  	86.96   
8303.38 	114.87  	87.01   
8422.98 	116.52  	87.05   
8544.31 	118.20  	87.09   
8667.39 	119.90  	87.13   
8792.24 	121.62  	87.17   
8918.88 	123.37  	87.21   
9047.36 	125.14  	87.25   
9177.68 	126.95  	87.29   
9309.88 	128.77  	87.33   
9443.98 	130.62  	87.37   
9580.02 	132.50  	87.40   
9718.02 	134.41  	87.44   
9858.00 	136.34  	87.48   
10000.00	138.31  	87.51   
10144.05	140.30  	87.55   
10290.17	142.31  	87.58   
10438.39	144.36  	87.62   
10588.75	146.44  	87.65   
10741.28	148.55  	87.69   
10896.00	150.68  	87.72   
11052.95	152.85  	87.75   
11212.16	155.05  	87.78   
11373.67	157.28  	87.81   
11537.50	159.55  	87.84   
11703.69	161.84  	87.88   
11872.28	164.17  	87.91   
12043.30	166.53  	87.94   
12216.77	168.93  	87.96   
12392.75	171.37  	87.99   
12571.26	173.83  	88.02   
12752.35	176.33  	88.05   
12936.04	178.87  	88.08   
13122.37	181.45  	88.11   
13311.40	184.06  	88.13   
13503.14	186.71  	88.16   
13697.65	189.40  	88.18   
13894.95	192.12  	88.21   
14095.11	194.89  	88.24   
14298.14	197.70  	88.26   
14504.10	200.54  	88.29   
14713.02	203.43  	88.31   
14924.96	206.36  	88.33   
15139.94	209.33  	88.36   
15358.03	212.34  	88.38   
15579.25	215.40  	88.40   
15803.66	218.50  	88.43   
16031.31	221.65  	88.45   
16262.23	224.84  	88.47   
16496.48	228.08  	88.49   
16734.10	231.36  	88.51   
16975.15	234.69  	88.54   
17219.67	238.07  	88.56   
17467.71	241.50  	88.58   
17719.33	244.98  	88.60   
17974.56	248.50  	88.62   
18233.48	252.08  	88.64   
18496.12	255.71  	88.66   
18762.55	259.40  	88.67   
19032.82	263.13  	88.69   
19306.98	266.92  	88.71   
19585.09	270.76  	88.73   
19867.20	274.66  	88.75   
20000.00	276.50  	88.76   
