Frequency (Hz)	Amplitude (MPa)	Phase Angle (deg)	Real (MPa)	Imaginary (MPa)
10.	2.1316e-009	-100.47	-3.8718e-010	-2.0961e-009
10.187	2.1748e-009	-100.66	-4.0232e-010	-2.1372e-009
10.377	2.2189e-009	-100.86	-4.1808e-010	-2.1792e-009
10.571	2.2642e-009	-101.06	-4.3447e-010	-2.2221e-009
10.768	2.3105e-009	-101.27	-4.5154e-010	-2.2659e-009
10.969	2.3579e-009	-101.48	-4.693e-010	-2.3107e-009
11.174	2.4064e-009	-101.7	-4.8779e-010	-2.3565e-009
11.382	2.4561e-009	-101.91	-5.0705e-010	-2.4032e-009
11.595	2.5071e-009	-102.14	-5.271e-010	-2.4511e-009
11.811	2.5593e-009	-102.36	-5.4798e-010	-2.5e-009
12.032	2.6128e-009	-102.59	-5.6973e-010	-2.55e-009
12.256	2.6677e-009	-102.83	-5.9239e-010	-2.6011e-009
12.485	2.724e-009	-103.07	-6.16e-010	-2.6534e-009
12.718	2.7817e-009	-103.31	-6.4061e-010	-2.7069e-009
12.955	2.8409e-009	-103.56	-6.6625e-010	-2.7617e-009
13.197	2.9017e-009	-103.82	-6.9299e-010	-2.8177e-009
13.444	2.9641e-009	-104.08	-7.2087e-010	-2.8751e-009
13.695	3.0281e-009	-104.34	-7.4994e-010	-2.9338e-009
13.95	3.094e-009	-104.61	-7.8027e-010	-2.994e-009
14.211	3.1616e-009	-104.88	-8.1191e-010	-3.0556e-009
14.476	3.2311e-009	-105.16	-8.4493e-010	-3.1187e-009
14.746	3.3026e-009	-105.44	-8.794e-010	-3.1834e-009
15.021	3.3761e-009	-105.73	-9.1538e-010	-3.2497e-009
15.302	3.4518e-009	-106.03	-9.5296e-010	-3.3176e-009
15.587	3.5297e-009	-106.33	-9.9221e-010	-3.3873e-009
15.878	3.6099e-009	-106.63	-1.0332e-009	-3.4588e-009
16.175	3.6925e-009	-106.94	-1.0761e-009	-3.5322e-009
16.477	3.7777e-009	-107.26	-1.1209e-009	-3.6075e-009
16.784	3.8655e-009	-107.58	-1.1678e-009	-3.6849e-009
17.097	3.9561e-009	-107.91	-1.2168e-009	-3.7643e-009
17.417	4.0496e-009	-108.25	-1.2681e-009	-3.8459e-009
17.742	4.1462e-009	-108.59	-1.3218e-009	-3.9298e-009
18.073	4.2459e-009	-108.94	-1.3781e-009	-4.0161e-009
18.41	4.3491e-009	-109.29	-1.437e-009	-4.1048e-009
18.754	4.4558e-009	-109.66	-1.4988e-009	-4.1961e-009
19.104	4.5662e-009	-110.03	-1.5636e-009	-4.2901e-009
19.461	4.6805e-009	-110.4	-1.6316e-009	-4.387e-009
19.824	4.7991e-009	-110.78	-1.7029e-009	-4.4868e-009
20.194	4.922e-009	-111.17	-1.7778e-009	-4.5897e-009
20.571	5.0495e-009	-111.57	-1.8565e-009	-4.6958e-009
20.955	5.182e-009	-111.98	-1.9392e-009	-4.8054e-009
21.346	5.3196e-009	-112.39	-2.0262e-009	-4.9186e-009
21.744	5.4629e-009	-112.81	-2.1178e-009	-5.0356e-009
22.15	5.6119e-009	-113.24	-2.2143e-009	-5.1566e-009
22.564	5.7673e-009	-113.68	-2.3159e-009	-5.2819e-009
22.985	5.9293e-009	-114.12	-2.4231e-009	-5.4116e-009
23.414	6.0984e-009	-114.58	-2.5362e-009	-5.546e-009
23.851	6.2752e-009	-115.04	-2.6558e-009	-5.6855e-009
24.296	6.4601e-009	-115.51	-2.7821e-009	-5.8303e-009
24.75	6.6537e-009	-115.99	-2.9158e-009	-5.9808e-009
25.212	6.8568e-009	-116.48	-3.0574e-009	-6.1374e-009
25.683	7.0699e-009	-116.98	-3.2075e-009	-6.3005e-009
26.162	7.294e-009	-117.49	-3.3668e-009	-6.4705e-009
26.65	7.5299e-009	-118.01	-3.5361e-009	-6.6479e-009
27.148	7.7785e-009	-118.54	-3.7161e-009	-6.8334e-009
27.655	8.0409e-009	-119.08	-3.9079e-009	-7.0274e-009
28.171	8.3185e-009	-119.63	-4.1125e-009	-7.2308e-009
28.697	8.6125e-009	-120.19	-4.331e-009	-7.4442e-009
29.232	8.9244e-009	-120.76	-4.5648e-009	-7.6686e-009
29.778	9.2561e-009	-121.35	-4.8154e-009	-7.9049e-009
30.334	9.6094e-009	-121.94	-5.0843e-009	-8.1542e-009
30.9	9.9866e-009	-122.55	-5.3736e-009	-8.4177e-009
31.477	1.039e-008	-123.17	-5.6854e-009	-8.6968e-009
32.064	1.0823e-008	-123.81	-6.0222e-009	-8.9932e-009
32.663	1.1289e-008	-124.46	-6.3869e-009	-9.3086e-009
33.273	1.1791e-008	-125.12	-6.7829e-009	-9.6453e-009
33.894	1.2335e-008	-125.79	-7.214e-009	-1.0006e-008
34.527	1.2925e-008	-126.48	-7.6849e-009	-1.0393e-008
35.171	1.3568e-008	-127.19	-8.2008e-009	-1.0809e-008
35.828	1.4271e-008	-127.91	-8.7684e-009	-1.126e-008
36.496	1.5044e-008	-128.65	-9.3952e-009	-1.175e-008
37.178	1.5897e-008	-129.4	-1.0091e-008	-1.2284e-008
37.872	1.6843e-008	-130.18	-1.0866e-008	-1.2869e-008
38.579	1.7898e-008	-130.97	-1.1735e-008	-1.3514e-008
39.299	1.9083e-008	-131.79	-1.2716e-008	-1.4229e-008
40.032	2.0424e-008	-132.63	-1.3831e-008	-1.5028e-008
40.779	2.1952e-008	-133.49	-1.5108e-008	-1.5927e-008
41.541	2.3712e-008	-134.38	-1.6584e-008	-1.6947e-008
42.316	2.5758e-008	-135.3	-1.831e-008	-1.8117e-008
43.106	2.8168e-008	-136.26	-2.0352e-008	-1.9473e-008
43.911	3.1047e-008	-137.27	-2.2804e-008	-2.1068e-008
44.73	3.4548e-008	-138.32	-2.5803e-008	-2.2973e-008
45.565	3.8895e-008	-139.44	-2.9549e-008	-2.5292e-008
46.416	4.4438e-008	-140.64	-3.436e-008	-2.818e-008
47.282	5.1746e-008	-141.97	-4.0758e-008	-3.1881e-008
48.165	6.1818e-008	-143.47	-4.9672e-008	-3.6798e-008
49.064	7.658e-008	-145.26	-6.2929e-008	-4.3639e-008
49.98	1.0027e-007	-147.59	-8.4655e-008	-5.3745e-008
50.913	1.4439e-007	-151.13	-1.2645e-007	-6.9704e-008
51.863	2.5366e-007	-158.59	-2.3615e-007	-9.2605e-008
52.831	7.7639e-007	163.56	-7.4463e-007	2.1979e-007
53.818	4.1537e-007	59.066	2.1352e-007	3.5629e-007
54.822	1.9095e-007	44.323	1.3661e-007	1.3342e-007
55.845	1.2308e-007	39.275	9.528e-008	7.7917e-008
56.888	9.0907e-008	36.315	7.325e-008	5.3838e-008
57.95	7.2196e-008	34.122	5.9767e-008	4.0499e-008
59.032	5.9978e-008	32.286	5.0704e-008	3.2037e-008
60.133	5.1379e-008	30.64	4.4206e-008	2.6185e-008
61.256	4.5005e-008	29.1	3.9324e-008	2.1887e-008
62.399	4.0093e-008	27.623	3.5523e-008	1.8589e-008
63.564	3.6196e-008	26.183	3.2482e-008	1.5971e-008
64.751	3.303e-008	24.762	2.9993e-008	1.3834e-008
65.959	3.041e-008	23.348	2.792e-008	1.2052e-008
67.191	2.8207e-008	21.935	2.6165e-008	1.0537e-008
68.445	2.6332e-008	20.517	2.4662e-008	9.2289e-009
69.723	2.4718e-008	19.088	2.3359e-008	8.0833e-009
71.024	2.3315e-008	17.647	2.2218e-008	7.0679e-009
72.35	2.2087e-008	16.189	2.1211e-008	6.158e-009
73.7	2.1004e-008	14.713	2.0315e-008	5.3347e-009
75.076	2.0044e-008	13.218	1.9513e-008	4.583e-009
76.478	1.9188e-008	11.7	1.8789e-008	3.8911e-009
77.905	1.8422e-008	10.16	1.8133e-008	3.2495e-009
79.359	1.7734e-008	8.5949	1.7535e-008	2.6503e-009
80.841	1.7114e-008	7.0046	1.6986e-008	2.0871e-009
82.35	1.6555e-008	5.3877	1.6482e-008	1.5544e-009
83.887	1.6049e-008	3.7431	1.6014e-008	1.0477e-009
85.453	1.5591e-008	2.07	1.558e-008	5.6313e-010
87.048	1.5176e-008	0.36722	1.5175e-008	9.7263e-011
88.673	1.48e-008	-1.3661	1.4796e-008	-3.5284e-010
90.328	1.446e-008	-3.1308	1.4439e-008	-7.8976e-010
92.014	1.4153e-008	-4.928	1.4101e-008	-1.2158e-009
93.732	1.3877e-008	-6.7584	1.3781e-008	-1.6331e-009
95.482	1.3629e-008	-8.6232	1.3475e-008	-2.0435e-009
97.264	1.3409e-008	-10.523	1.3183e-008	-2.4488e-009
99.08	1.3213e-008	-12.459	1.2902e-008	-2.8507e-009
100.93	1.3042e-008	-14.433	1.2631e-008	-3.2507e-009
102.81	1.2895e-008	-16.444	1.2368e-008	-3.6503e-009
104.73	1.277e-008	-18.495	1.2111e-008	-4.0511e-009
106.69	1.2668e-008	-20.586	1.1859e-008	-4.4544e-009
108.68	1.2588e-008	-22.719	1.1612e-008	-4.8618e-009
110.71	1.2531e-008	-24.895	1.1366e-008	-5.2748e-009
112.77	1.2495e-008	-27.114	1.1122e-008	-5.6949e-009
114.88	1.2483e-008	-29.379	1.0877e-008	-6.1239e-009
117.02	1.2494e-008	-31.691	1.0631e-008	-6.5635e-009
119.21	1.2529e-008	-34.052	1.0381e-008	-7.0155e-009
121.43	1.259e-008	-36.462	1.0126e-008	-7.4821e-009
123.7	1.2678e-008	-38.924	9.8633e-009	-7.9656e-009
126.01	1.2795e-008	-41.441	9.5919e-009	-8.4685e-009
128.36	1.2944e-008	-44.013	9.3091e-009	-8.9937e-009
130.76	1.3127e-008	-46.644	9.012e-009	-9.5445e-009
133.2	1.3348e-008	-49.336	8.6977e-009	-1.0125e-008
135.68	1.3611e-008	-52.092	8.3623e-009	-1.0739e-008
138.22	1.3921e-008	-54.916	8.0014e-009	-1.1392e-008
140.8	1.4285e-008	-57.813	7.6096e-009	-1.209e-008
143.43	1.4711e-008	-60.785	7.1803e-009	-1.284e-008
146.1	1.5209e-008	-63.841	6.7053e-009	-1.3651e-008
148.83	1.5791e-008	-66.985	6.174e-009	-1.4535e-008
151.61	1.6474e-008	-70.227	5.5729e-009	-1.5503e-008
154.44	1.7277e-008	-73.578	4.8844e-009	-1.6572e-008
157.32	1.8228e-008	-77.05	4.0849e-009	-1.7764e-008
160.26	1.9362e-008	-80.661	3.1418e-009	-1.9105e-008
163.25	2.0727e-008	-84.435	2.0099e-009	-2.063e-008
166.3	2.2392e-008	-88.404	6.2351e-010	-2.2383e-008
169.4	2.4452e-008	-92.614	-1.1151e-009	-2.4426e-008
172.56	2.7048e-008	-97.131	-3.3579e-009	-2.6839e-008
175.78	3.04e-008	-102.06	-6.3522e-009	-2.9729e-008
179.07	3.4855e-008	-107.57	-1.0523e-008	-3.3229e-008
182.41	4.1003e-008	-113.96	-1.6649e-008	-3.7471e-008
185.81	4.9895e-008	-121.76	-2.6265e-008	-4.2423e-008
189.28	6.3489e-008	-132.13	-4.2586e-008	-4.7088e-008
192.81	8.515e-008	-147.6	-7.1892e-008	-4.563e-008
196.41	1.1583e-007	-173.6	-1.1511e-007	-1.2913e-008
200.08	1.2843e-007	147.22	-1.0798e-007	6.9524e-008
203.82	1.0095e-007	112.69	-3.8939e-008	9.3143e-008
207.62	7.2935e-008	91.749	-2.2254e-009	7.2901e-008
211.5	5.5033e-008	78.489	1.0982e-008	5.3926e-008
215.44	4.3706e-008	68.833	1.5781e-008	4.0757e-008
219.47	3.6143e-008	60.988	1.7529e-008	3.1608e-008
223.56	3.0825e-008	54.128	1.8063e-008	2.4979e-008
227.73	2.6928e-008	47.837	1.8075e-008	1.996e-008
231.99	2.398e-008	41.883	1.7853e-008	1.6009e-008
236.32	2.1696e-008	36.129	1.7524e-008	1.2792e-008
240.73	1.9896e-008	30.486	1.7146e-008	1.0094e-008
245.22	1.8462e-008	24.895	1.6746e-008	7.7716e-009
249.8	1.7312e-008	19.313	1.6338e-008	5.7254e-009
254.46	1.639e-008	13.708	1.5923e-008	3.884e-009
259.21	1.5656e-008	8.0561	1.5502e-008	2.1941e-009
264.05	1.5084e-008	2.3354	1.5071e-008	6.1465e-010
268.98	1.4652e-008	-3.4722	1.4625e-008	-8.8738e-010
274.	1.4348e-008	-9.3841	1.4156e-008	-2.3396e-009
279.11	1.4166e-008	-15.418	1.3656e-008	-3.766e-009
284.33	1.4101e-008	-21.591	1.3112e-008	-5.189e-009
289.63	1.4157e-008	-27.924	1.2509e-008	-6.6301e-009
295.04	1.4342e-008	-34.441	1.1828e-008	-8.111e-009
300.55	1.4667e-008	-41.17	1.1041e-008	-9.6551e-009
306.16	1.5155e-008	-48.146	1.0112e-008	-1.1288e-008
311.87	1.5836e-008	-55.418	8.9886e-009	-1.3038e-008
317.69	1.6758e-008	-63.048	7.5956e-009	-1.4938e-008
323.62	1.7988e-008	-71.128	5.8183e-009	-1.7021e-008
329.66	1.9627e-008	-79.792	3.4784e-009	-1.9316e-008
335.82	2.1827e-008	-89.245	2.878e-010	-2.1825e-008
342.09	2.4822e-008	-99.818	-4.2328e-009	-2.4458e-008
348.47	2.896e-008	-112.07	-1.0883e-008	-2.6837e-008
354.98	3.4707e-008	-126.98	-2.0878e-008	-2.7725e-008
361.6	4.2347e-008	-146.17	-3.518e-008	-2.3573e-008
368.35	5.0485e-008	-171.66	-4.9951e-008	-7.3256e-009
375.23	5.3699e-008	157.12	-4.9475e-008	2.0875e-008
382.23	4.839e-008	126.58	-2.8839e-008	3.8857e-008
389.37	3.9786e-008	102.05	-8.3076e-009	3.8909e-008
396.64	3.2422e-008	83.097	3.8967e-009	3.2187e-008
404.04	2.7038e-008	67.671	1.0273e-008	2.5011e-008
411.58	2.3215e-008	54.293	1.3549e-008	1.8851e-008
419.27	2.0491e-008	42.092	1.5206e-008	1.3736e-008
427.09	1.8543e-008	30.555	1.5968e-008	9.4265e-009
435.07	1.716e-008	19.368	1.6189e-008	5.6909e-009
443.19	1.6213e-008	8.3192	1.6042e-008	2.3458e-009
451.46	1.562e-008	-2.7439	1.5602e-008	-7.4777e-010
459.89	1.5338e-008	-13.947	1.4886e-008	-3.6971e-009
468.47	1.5352e-008	-25.409	1.3867e-008	-6.5871e-009
477.22	1.567e-008	-37.253	1.2473e-008	-9.4859e-009
486.12	1.6331e-008	-49.633	1.0577e-008	-1.2443e-008
495.2	1.7404e-008	-62.756	7.9672e-009	-1.5473e-008
504.44	1.9007e-008	-76.923	4.3005e-009	-1.8514e-008
513.86	2.1316e-008	-92.609	-9.7021e-010	-2.1294e-008
523.45	2.4558e-008	-110.58	-8.6336e-009	-2.2991e-008
533.22	2.888e-008	-132.06	-1.9347e-008	-2.1441e-008
543.17	3.375e-008	-158.59	-3.1421e-008	-1.2321e-008
553.31	3.6828e-008	169.5	-3.6211e-008	6.7128e-009
563.64	3.5312e-008	135.88	-2.5349e-008	2.4584e-008
574.16	3.0501e-008	105.82	-8.3175e-009	2.9345e-008
584.88	2.5519e-008	80.739	4.1067e-009	2.5187e-008
595.8	2.1611e-008	59.308	1.1031e-008	1.8583e-008
606.92	1.8789e-008	40.048	1.4383e-008	1.2089e-008
618.25	1.6802e-008	21.927	1.5587e-008	6.2744e-009
629.79	1.5421e-008	4.2617	1.5379e-008	1.146e-009
641.55	1.4477e-008	-13.452	1.4079e-008	-3.3678e-009
653.52	1.3834e-008	-31.665	1.1774e-008	-7.2622e-009
665.72	1.3354e-008	-50.894	8.4232e-009	-1.0362e-008
678.15	1.2817e-008	-71.877	3.9869e-009	-1.2182e-008
690.81	1.1743e-008	-95.835	-1.1938e-009	-1.1682e-008
703.7	8.9588e-009	-124.81	-5.1142e-009	-7.3556e-009
716.84	2.0688e-009	-161.27	-1.9592e-009	-6.6426e-010
730.22	1.0708e-008	-24.065	9.7773e-009	-4.3664e-009
743.85	2.6938e-008	-65.351	1.1235e-008	-2.4483e-008
757.74	4.6906e-008	-101.05	-8.9866e-009	-4.6037e-008
771.88	8.0598e-008	-134.33	-5.6323e-008	-5.7652e-008
786.29	1.631e-007	-173.79	-1.6214e-007	-1.7644e-008
800.97	3.5639e-007	107.56	-1.0751e-007	3.3978e-007
815.92	2.4167e-007	25.012	2.19e-007	1.0218e-007
831.15	1.7191e-007	-15.651	1.6553e-007	-4.6378e-008
846.66	1.5688e-007	-49.257	1.0239e-007	-1.1886e-007
862.47	1.6951e-007	-85.653	1.2849e-008	-1.6902e-007
878.57	1.9843e-007	-132.41	-1.3383e-007	-1.4651e-007
894.97	1.9586e-007	168.39	-1.9186e-007	3.9406e-008
911.67	1.4693e-007	114.56	-6.1063e-008	1.3364e-007
928.69	1.0796e-007	71.852	3.3628e-008	1.0259e-007
946.03	8.5971e-008	33.012	7.2091e-008	4.6838e-008
963.69	7.287e-008	-8.1146	7.2141e-008	-1.0286e-008
981.68	5.978e-008	-56.534	3.2965e-008	-4.987e-008
1000.	3.8509e-008	-111.34	-1.4016e-008	-3.5868e-008
