Frequency (Hz)	Amplitude (MPa)	Phase Angle (deg)	Real (MPa)	Imaginary (MPa)
10.	2.2143e-007	-90.105	-4.0497e-010	-2.2143e-007
10.187	2.2586e-007	-90.107	-4.2154e-010	-2.2586e-007
10.377	2.304e-007	-90.109	-4.3884e-010	-2.304e-007
10.571	2.3504e-007	-90.111	-4.569e-010	-2.3504e-007
10.768	2.3978e-007	-90.114	-4.7578e-010	-2.3978e-007
10.969	2.4464e-007	-90.116	-4.955e-010	-2.4464e-007
11.174	2.4961e-007	-90.118	-5.1611e-010	-2.4961e-007
11.382	2.5469e-007	-90.121	-5.3766e-010	-2.5469e-007
11.595	2.599e-007	-90.123	-5.6019e-010	-2.599e-007
11.811	2.6523e-007	-90.126	-5.8377e-010	-2.6523e-007
12.032	2.7069e-007	-90.129	-6.0843e-010	-2.7069e-007
12.256	2.7629e-007	-90.132	-6.3425e-010	-2.7629e-007
12.485	2.8202e-007	-90.134	-6.6128e-010	-2.8202e-007
12.718	2.879e-007	-90.137	-6.896e-010	-2.879e-007
12.955	2.9392e-007	-90.14	-7.1927e-010	-2.9392e-007
13.197	3.0009e-007	-90.143	-7.5037e-010	-3.0009e-007
13.444	3.0643e-007	-90.146	-7.8298e-010	-3.0643e-007
13.695	3.1292e-007	-90.15	-8.172e-010	-3.1292e-007
13.95	3.1959e-007	-90.153	-8.531e-010	-3.1959e-007
14.211	3.2643e-007	-90.156	-8.908e-010	-3.2643e-007
14.476	3.3346e-007	-90.16	-9.3039e-010	-3.3346e-007
14.746	3.4067e-007	-90.163	-9.7201e-010	-3.4067e-007
15.021	3.4809e-007	-90.167	-1.0158e-009	-3.4809e-007
15.302	3.5571e-007	-90.171	-1.0618e-009	-3.5571e-007
15.587	3.6354e-007	-90.175	-1.1102e-009	-3.6354e-007
15.878	3.716e-007	-90.179	-1.1612e-009	-3.716e-007
16.175	3.7989e-007	-90.183	-1.215e-009	-3.7989e-007
16.477	3.8842e-007	-90.188	-1.2717e-009	-3.8842e-007
16.784	3.9721e-007	-90.192	-1.3315e-009	-3.9721e-007
17.097	4.0626e-007	-90.197	-1.3946e-009	-4.0626e-007
17.417	4.1559e-007	-90.201	-1.4613e-009	-4.1558e-007
17.742	4.2521e-007	-90.206	-1.5318e-009	-4.252e-007
18.073	4.3513e-007	-90.212	-1.6064e-009	-4.3513e-007
18.41	4.4537e-007	-90.217	-1.6854e-009	-4.4537e-007
18.754	4.5595e-007	-90.222	-1.769e-009	-4.5594e-007
19.104	4.6687e-007	-90.228	-1.8578e-009	-4.6687e-007
19.461	4.7817e-007	-90.234	-1.952e-009	-4.7817e-007
19.824	4.8986e-007	-90.24	-2.052e-009	-4.8986e-007
20.194	5.0196e-007	-90.246	-2.1585e-009	-5.0196e-007
20.571	5.1449e-007	-90.253	-2.2717e-009	-5.1449e-007
20.955	5.2748e-007	-90.26	-2.3925e-009	-5.2748e-007
21.346	5.4096e-007	-90.267	-2.5212e-009	-5.4095e-007
21.744	5.5495e-007	-90.275	-2.6587e-009	-5.5494e-007
22.15	5.6949e-007	-90.282	-2.8058e-009	-5.6948e-007
22.564	5.846e-007	-90.29	-2.9632e-009	-5.8459e-007
22.985	6.0033e-007	-90.299	-3.132e-009	-6.0032e-007
23.414	6.1671e-007	-90.308	-3.3131e-009	-6.167e-007
23.851	6.338e-007	-90.317	-3.5079e-009	-6.3379e-007
24.296	6.5163e-007	-90.327	-3.7176e-009	-6.5162e-007
24.75	6.7027e-007	-90.337	-3.9437e-009	-6.7025e-007
25.212	6.8976e-007	-90.348	-4.1879e-009	-6.8975e-007
25.683	7.1017e-007	-90.359	-4.4523e-009	-7.1016e-007
26.162	7.3158e-007	-90.371	-4.7388e-009	-7.3157e-007
26.65	7.5406e-007	-90.384	-5.0501e-009	-7.5405e-007
27.148	7.777e-007	-90.397	-5.3889e-009	-7.7768e-007
27.655	8.026e-007	-90.411	-5.7586e-009	-8.0258e-007
28.171	8.2885e-007	-90.426	-6.1628e-009	-8.2883e-007
28.697	8.5659e-007	-90.442	-6.6058e-009	-8.5657e-007
29.232	8.8595e-007	-90.459	-7.0928e-009	-8.8592e-007
29.778	9.1709e-007	-90.477	-7.6295e-009	-9.1705e-007
30.334	9.5017e-007	-90.496	-8.2228e-009	-9.5013e-007
30.9	9.8539e-007	-90.516	-8.8807e-009	-9.8535e-007
31.477	1.023e-006	-90.538	-9.6127e-009	-1.0229e-006
32.064	1.0632e-006	-90.562	-1.043e-008	-1.0631e-006
32.663	1.1063e-006	-90.588	-1.1347e-008	-1.1063e-006
33.273	1.1528e-006	-90.615	-1.2379e-008	-1.1527e-006
33.894	1.2028e-006	-90.645	-1.3546e-008	-1.2028e-006
34.527	1.2571e-006	-90.678	-1.4872e-008	-1.257e-006
35.171	1.316e-006	-90.714	-1.6388e-008	-1.3159e-006
35.828	1.3802e-006	-90.753	-1.813e-008	-1.3801e-006
36.496	1.4507e-006	-90.796	-2.0145e-008	-1.4505e-006
37.178	1.5282e-006	-90.843	-2.2492e-008	-1.528e-006
37.872	1.6139e-006	-90.896	-2.5246e-008	-1.6137e-006
38.579	1.7094e-006	-90.956	-2.8508e-008	-1.7092e-006
39.299	1.8163e-006	-91.022	-3.2407e-008	-1.816e-006
40.032	1.937e-006	-91.098	-3.7117e-008	-1.9366e-006
40.779	2.0742e-006	-91.185	-4.2878e-008	-2.0738e-006
41.541	2.2318e-006	-91.284	-5.0023e-008	-2.2312e-006
42.316	2.4147e-006	-91.401	-5.9025e-008	-2.4139e-006
43.106	2.6296e-006	-91.538	-7.058e-008	-2.6286e-006
43.911	2.8858e-006	-91.703	-8.5741e-008	-2.8845e-006
44.73	3.1968e-006	-91.903	-1.0616e-007	-3.195e-006
45.565	3.5822e-006	-92.153	-1.3455e-007	-3.5797e-006
46.416	4.0728e-006	-92.471	-1.7561e-007	-4.069e-006
47.282	4.7186e-006	-92.892	-2.381e-007	-4.7126e-006
48.165	5.6074e-006	-93.474	-3.3977e-007	-5.5971e-006
49.064	6.9085e-006	-94.328	-5.2138e-007	-6.8888e-006
49.98	8.9948e-006	-95.703	-8.9385e-007	-8.9503e-006
50.913	1.2875e-005	-98.275	-1.8531e-006	-1.2741e-005
51.863	2.2481e-005	-104.74	-5.7187e-006	-2.1741e-005
52.831	6.8368e-005	-141.58	-5.3568e-005	-4.2482e-005
53.818	3.6334e-005	114.96	-1.533e-005	3.2941e-005
54.822	1.6588e-005	101.26	-3.2396e-006	1.6269e-005
55.845	1.0615e-005	97.283	-1.3458e-006	1.053e-005
56.888	7.7817e-006	95.413	-7.3405e-007	7.747e-006
57.95	6.132e-006	94.329	-4.6291e-007	6.1145e-006
59.032	5.053e-006	93.625	-3.1944e-007	5.0429e-006
60.133	4.2921e-006	93.13	-2.3438e-007	4.2857e-006
61.256	3.7266e-006	92.765	-1.798e-007	3.7223e-006
62.399	3.2896e-006	92.486	-1.4268e-007	3.2865e-006
63.564	2.9416e-006	92.265	-1.1627e-007	2.9393e-006
64.751	2.6578e-006	92.087	-9.6801e-008	2.656e-006
65.959	2.4217e-006	91.941	-8.2038e-008	2.4203e-006
67.191	2.2222e-006	91.82	-7.0572e-008	2.2211e-006
68.445	2.0513e-006	91.718	-6.1489e-008	2.0503e-006
69.723	1.9031e-006	91.631	-5.417e-008	1.9023e-006
71.024	1.7733e-006	91.557	-4.8187e-008	1.7726e-006
72.35	1.6586e-006	91.494	-4.3235e-008	1.658e-006
73.7	1.5564e-006	91.439	-3.909e-008	1.5559e-006
75.076	1.4648e-006	91.392	-3.559e-008	1.4644e-006
76.478	1.3821e-006	91.352	-3.2607e-008	1.3817e-006
77.905	1.307e-006	91.317	-3.0049e-008	1.3067e-006
79.359	1.2385e-006	91.288	-2.7839e-008	1.2382e-006
80.841	1.1757e-006	91.263	-2.592e-008	1.1754e-006
82.35	1.1179e-006	91.243	-2.4247e-008	1.1176e-006
83.887	1.0644e-006	91.226	-2.2781e-008	1.0642e-006
85.453	1.0148e-006	91.214	-2.1492e-008	1.0145e-006
87.048	9.685e-007	91.204	-2.0357e-008	9.6829e-007
88.673	9.2528e-007	91.199	-1.9356e-008	9.2508e-007
90.328	8.8476e-007	91.196	-1.8471e-008	8.8456e-007
92.014	8.4665e-007	91.197	-1.7689e-008	8.4647e-007
93.732	8.1072e-007	91.201	-1.6999e-008	8.1054e-007
95.482	7.7674e-007	91.209	-1.6391e-008	7.7657e-007
97.264	7.4453e-007	91.22	-1.5858e-008	7.4436e-007
99.08	7.1391e-007	91.236	-1.5393e-008	7.1374e-007
100.93	6.8474e-007	91.255	-1.4991e-008	6.8457e-007
102.81	6.5687e-007	91.278	-1.4648e-008	6.5671e-007
104.73	6.302e-007	91.306	-1.436e-008	6.3003e-007
106.69	6.046e-007	91.339	-1.4124e-008	6.0443e-007
108.68	5.7997e-007	91.377	-1.394e-008	5.798e-007
110.71	5.5623e-007	91.422	-1.3805e-008	5.5606e-007
112.77	5.3328e-007	91.474	-1.372e-008	5.331e-007
114.88	5.1104e-007	91.534	-1.3685e-008	5.1086e-007
117.02	4.8945e-007	91.604	-1.3701e-008	4.8926e-007
119.21	4.6842e-007	91.685	-1.377e-008	4.6822e-007
121.43	4.4788e-007	91.778	-1.3895e-008	4.4767e-007
123.7	4.2777e-007	91.886	-1.4081e-008	4.2754e-007
126.01	4.0802e-007	92.013	-1.4333e-008	4.0777e-007
128.36	3.8856e-007	92.162	-1.4658e-008	3.8829e-007
130.76	3.6932e-007	92.338	-1.5064e-008	3.6901e-007
133.2	3.5022e-007	92.547	-1.5563e-008	3.4987e-007
135.68	3.3119e-007	92.798	-1.6169e-008	3.3079e-007
138.22	3.1213e-007	93.104	-1.6901e-008	3.1168e-007
140.8	2.9297e-007	93.48	-1.7781e-008	2.9243e-007
143.43	2.7359e-007	93.949	-1.8841e-008	2.7294e-007
146.1	2.5387e-007	94.545	-2.0119e-008	2.5307e-007
148.83	2.3367e-007	95.32	-2.1668e-008	2.3267e-007
151.61	2.1285e-007	96.354	-2.3557e-008	2.1154e-007
154.44	1.9122e-007	97.779	-2.5883e-008	1.8946e-007
157.32	1.686e-007	99.828	-2.8778e-008	1.6613e-007
160.26	1.4484e-007	102.94	-3.2433e-008	1.4116e-007
163.25	1.1993e-007	108.03	-3.7125e-008	1.1404e-007
166.3	9.4584e-008	117.23	-4.3274e-008	8.4104e-008
169.4	7.2078e-008	135.64	-5.1534e-008	5.0393e-008
172.56	6.4031e-008	169.59	-6.2978e-008	1.1569e-008
175.78	8.6539e-008	-156.63	-7.9441e-008	-3.4322e-008
179.07	1.3786e-007	-139.15	-1.0428e-007	-9.0174e-008
182.41	2.1551e-007	-131.96	-1.441e-007	-1.6026e-007
185.81	3.287e-007	-130.4	-2.1304e-007	-2.5032e-007
189.28	5.0099e-007	-133.42	-3.4437e-007	-3.6388e-007
192.81	7.7813e-007	-142.63	-6.184e-007	-4.7231e-007
196.41	1.1946e-006	-162.98	-1.1423e-006	-3.4964e-007
200.08	1.4648e-006	163.13	-1.4017e-006	4.2518e-007
203.82	1.2524e-006	133.65	-8.6453e-007	9.0619e-007
207.62	9.7055e-007	117.65	-4.5035e-007	8.5974e-007
211.5	7.7613e-007	109.25	-2.5588e-007	7.3273e-007
215.44	6.4633e-007	104.43	-1.6105e-007	6.2594e-007
219.47	5.5508e-007	101.42	-1.099e-007	5.4409e-007
223.56	4.8728e-007	99.421	-7.9759e-008	4.8071e-007
227.73	4.3448e-007	98.034	-6.0724e-008	4.3021e-007
231.99	3.9174e-007	97.044	-4.8039e-008	3.8879e-007
236.32	3.5605e-007	96.325	-3.9226e-008	3.5388e-007
240.73	3.2545e-007	95.802	-3.2902e-008	3.2378e-007
245.22	2.9864e-007	95.429	-2.8253e-008	2.973e-007
249.8	2.7472e-007	95.174	-2.4773e-008	2.736e-007
254.46	2.5303e-007	95.02	-2.2141e-008	2.5206e-007
259.21	2.331e-007	94.957	-2.0143e-008	2.3223e-007
264.05	2.1456e-007	94.984	-1.8638e-008	2.1375e-007
268.98	1.9712e-007	95.102	-1.753e-008	1.9634e-007
274.	1.8056e-007	95.325	-1.6756e-008	1.7978e-007
279.11	1.6468e-007	95.672	-1.6276e-008	1.6387e-007
284.33	1.4933e-007	96.178	-1.607e-008	1.4847e-007
289.63	1.3438e-007	96.898	-1.6139e-008	1.3341e-007
295.04	1.197e-007	97.922	-1.6497e-008	1.1856e-007
300.55	1.0519e-007	99.403	-1.7185e-008	1.0377e-007
306.16	9.0765e-008	101.61	-1.8271e-008	8.8907e-008
311.87	7.6426e-008	105.07	-1.9866e-008	7.3799e-008
317.69	6.2326e-008	110.81	-2.2147e-008	5.8258e-008
323.62	4.9135e-008	121.12	-2.5398e-008	4.2062e-008
329.66	3.9087e-008	140.34	-3.009e-008	2.4947e-008
335.82	3.7617e-008	169.85	-3.7028e-008	6.6321e-009
342.09	4.9396e-008	-164.66	-4.7635e-008	-1.3071e-008
348.47	7.2823e-008	-152.32	-6.4491e-008	-3.3825e-008
354.98	1.0639e-007	-149.97	-9.2109e-008	-5.3236e-008
361.6	1.4984e-007	-155.48	-1.3633e-007	-6.2181e-008
368.35	1.9619e-007	-169.	-1.9259e-007	-3.7418e-008
375.23	2.1926e-007	170.94	-2.1652e-007	3.4542e-008
382.23	1.9914e-007	151.3	-1.7468e-007	9.5627e-008
389.37	1.5822e-007	137.84	-1.1729e-007	1.062e-007
396.64	1.1896e-007	130.55	-7.7345e-008	9.0383e-008
404.04	8.66e-008	128.07	-5.3403e-008	6.8173e-008
411.58	6.0444e-008	130.27	-3.9074e-008	4.6116e-008
419.27	3.9598e-008	139.72	-3.0207e-008	2.5603e-008
427.09	2.5411e-008	164.93	-2.4537e-008	6.6074e-009
435.07	2.3661e-008	-151.74	-2.084e-008	-1.1204e-008
443.19	3.3678e-008	-123.2	-1.8442e-008	-2.818e-008
451.46	4.774e-008	-110.82	-1.6966e-008	-4.4624e-008
459.89	6.2917e-008	-104.93	-1.6209e-008	-6.0794e-008
468.47	7.8576e-008	-101.81	-1.6082e-008	-7.6913e-008
477.22	9.4649e-008	-100.1	-1.659e-008	-9.3183e-008
486.12	1.1123e-007	-99.226	-1.7833e-008	-1.0979e-007
495.2	1.2848e-007	-98.973	-2.0039e-008	-1.2691e-007
504.44	1.4656e-007	-99.282	-2.3639e-008	-1.4464e-007
513.86	1.6555e-007	-100.23	-2.9396e-008	-1.6292e-007
523.45	1.8509e-007	-102.03	-3.8565e-008	-1.8103e-007
533.22	2.035e-007	-105.01	-5.269e-008	-1.9656e-007
543.17	2.1562e-007	-109.25	-7.1071e-008	-2.0357e-007
553.31	2.1334e-007	-113.06	-8.3554e-008	-1.9629e-007
563.64	2.0092e-007	-112.17	-7.5816e-008	-1.8606e-007
574.16	1.9928e-007	-106.26	-5.5813e-008	-1.9131e-007
584.88	2.1403e-007	-100.37	-3.8542e-008	-2.1053e-007
595.8	2.3763e-007	-96.588	-2.7264e-008	-2.3606e-007
606.92	2.6515e-007	-94.391	-2.0301e-008	-2.6437e-007
618.25	2.9493e-007	-93.113	-1.6015e-008	-2.9449e-007
629.79	3.2703e-007	-92.332	-1.3305e-008	-3.2676e-007
641.55	3.6199e-007	-91.831	-1.1567e-008	-3.6181e-007
653.52	4.0071e-007	-91.492	-1.0431e-008	-4.0057e-007
665.72	4.444e-007	-91.24	-9.6184e-009	-4.4429e-007
678.15	4.948e-007	-91.02	-8.8068e-009	-4.9472e-007
690.81	5.5464e-007	-90.767	-7.4283e-009	-5.5459e-007
703.7	6.2897e-007	-90.411	-4.5136e-009	-6.2895e-007
716.84	7.284e-007	-90.031	-3.9922e-010	-7.284e-007
730.22	8.6905e-007	-90.271	-4.1097e-009	-8.6904e-007
743.85	1.0657e-006	-91.596	-2.9684e-008	-1.0653e-006
757.74	1.3616e-006	-93.858	-9.1621e-008	-1.3585e-006
771.88	1.8923e-006	-98.184	-2.6936e-007	-1.873e-006
786.29	3.1182e-006	-110.45	-1.0893e-006	-2.9218e-006
800.97	5.395e-006	-161.48	-5.1158e-006	-1.7132e-006
815.92	2.7725e-006	146.36	-2.3081e-006	1.5359e-006
831.15	1.4443e-006	142.4	-1.1443e-006	8.8125e-007
846.66	1.0238e-006	155.64	-9.327e-007	4.2225e-007
862.47	1.0787e-006	170.88	-1.065e-006	1.7095e-007
878.57	1.4578e-006	168.12	-1.4266e-006	3.0013e-007
894.97	1.6598e-006	144.89	-1.3579e-006	9.5456e-007
911.67	1.3543e-006	123.43	-7.4613e-007	1.1302e-006
928.69	1.0178e-006	112.73	-3.933e-007	9.3878e-007
946.03	7.9017e-007	107.96	-2.4367e-007	7.5166e-007
963.69	6.4353e-007	105.46	-1.7156e-007	6.2024e-007
981.68	5.437e-007	102.1	-1.1399e-007	5.3162e-007
1000.	4.4441e-007	96.149	-4.7599e-008	4.4185e-007
