Frequency (Hz)	Amplitude (MPa)	Phase Angle (deg)	Real (MPa)	Imaginary (MPa)
10.	8.6828e-009	89.109	1.3495e-010	8.6817e-009
10.187	8.8448e-009	89.093	1.4004e-010	8.8437e-009
10.377	9.0099e-009	89.076	1.4531e-010	9.0087e-009
10.571	9.1781e-009	89.059	1.5079e-010	9.1768e-009
10.768	9.3494e-009	89.041	1.5647e-010	9.348e-009
10.969	9.5239e-009	89.023	1.6237e-010	9.5225e-009
11.174	9.7016e-009	89.005	1.6848e-010	9.7001e-009
11.382	9.8827e-009	88.986	1.7483e-010	9.8811e-009
11.595	1.0067e-008	88.967	1.8142e-010	1.0065e-008
11.811	1.0255e-008	88.948	1.8825e-010	1.0253e-008
12.032	1.0446e-008	88.929	1.9535e-010	1.0445e-008
12.256	1.0641e-008	88.909	2.0271e-010	1.0639e-008
12.485	1.084e-008	88.888	2.1034e-010	1.0838e-008
12.718	1.1042e-008	88.867	2.1827e-010	1.104e-008
12.955	1.1248e-008	88.846	2.2649e-010	1.1246e-008
13.197	1.1458e-008	88.825	2.3503e-010	1.1456e-008
13.444	1.1672e-008	88.803	2.4388e-010	1.167e-008
13.695	1.189e-008	88.78	2.5307e-010	1.1887e-008
13.95	1.2112e-008	88.758	2.626e-010	1.2109e-008
14.211	1.2338e-008	88.734	2.725e-010	1.2335e-008
14.476	1.2568e-008	88.711	2.8276e-010	1.2565e-008
14.746	1.2803e-008	88.687	2.9341e-010	1.2799e-008
15.021	1.3042e-008	88.662	3.0447e-010	1.3038e-008
15.302	1.3285e-008	88.637	3.1594e-010	1.3281e-008
15.587	1.3533e-008	88.612	3.2784e-010	1.3529e-008
15.878	1.3785e-008	88.586	3.4019e-010	1.3781e-008
16.175	1.4043e-008	88.56	3.5301e-010	1.4038e-008
16.477	1.4305e-008	88.533	3.663e-010	1.43e-008
16.784	1.4572e-008	88.505	3.801e-010	1.4567e-008
17.097	1.4844e-008	88.477	3.9442e-010	1.4838e-008
17.417	1.5121e-008	88.449	4.0928e-010	1.5115e-008
17.742	1.5403e-008	88.42	4.247e-010	1.5397e-008
18.073	1.569e-008	88.39	4.4069e-010	1.5684e-008
18.41	1.5983e-008	88.36	4.5729e-010	1.5976e-008
18.754	1.6281e-008	88.33	4.7452e-010	1.6274e-008
19.104	1.6585e-008	88.299	4.9239e-010	1.6577e-008
19.461	1.6894e-008	88.267	5.1094e-010	1.6887e-008
19.824	1.7209e-008	88.235	5.3019e-010	1.7201e-008
20.194	1.7531e-008	88.202	5.5016e-010	1.7522e-008
20.571	1.7858e-008	88.168	5.7088e-010	1.7848e-008
20.955	1.8191e-008	88.134	5.9238e-010	1.8181e-008
21.346	1.853e-008	88.099	6.1469e-010	1.852e-008
21.744	1.8876e-008	88.064	6.3784e-010	1.8865e-008
22.15	1.9228e-008	88.027	6.6187e-010	1.9217e-008
22.564	1.9587e-008	87.991	6.8679e-010	1.9575e-008
22.985	1.9952e-008	87.953	7.1266e-010	1.9939e-008
23.414	2.0324e-008	87.915	7.395e-010	2.0311e-008
23.851	2.0703e-008	87.876	7.6735e-010	2.0689e-008
24.296	2.109e-008	87.836	7.9624e-010	2.1074e-008
24.75	2.1483e-008	87.796	8.2623e-010	2.1467e-008
25.212	2.1884e-008	87.755	8.5734e-010	2.1867e-008
25.683	2.2292e-008	87.713	8.8962e-010	2.2274e-008
26.162	2.2707e-008	87.67	9.2312e-010	2.2689e-008
26.65	2.3131e-008	87.627	9.5788e-010	2.3111e-008
27.148	2.3562e-008	87.582	9.9395e-010	2.3541e-008
27.655	2.4002e-008	87.537	1.0314e-009	2.398e-008
28.171	2.4449e-008	87.491	1.0702e-009	2.4426e-008
28.697	2.4905e-008	87.444	1.1105e-009	2.4881e-008
29.232	2.537e-008	87.397	1.1523e-009	2.5344e-008
29.778	2.5843e-008	87.348	1.1957e-009	2.5815e-008
30.334	2.6325e-008	87.299	1.2407e-009	2.6295e-008
30.9	2.6815e-008	87.248	1.2874e-009	2.6784e-008
31.477	2.7315e-008	87.197	1.3359e-009	2.7283e-008
32.064	2.7825e-008	87.145	1.3861e-009	2.779e-008
32.663	2.8343e-008	87.091	1.4383e-009	2.8307e-008
33.273	2.8872e-008	87.037	1.4924e-009	2.8833e-008
33.894	2.941e-008	86.982	1.5486e-009	2.9369e-008
34.527	2.9958e-008	86.925	1.6069e-009	2.9915e-008
35.171	3.0516e-008	86.868	1.6674e-009	3.0471e-008
35.828	3.1085e-008	86.809	1.7301e-009	3.1037e-008
36.496	3.1664e-008	86.75	1.7952e-009	3.1613e-008
37.178	3.2254e-008	86.689	1.8627e-009	3.2201e-008
37.872	3.2855e-008	86.627	1.9328e-009	3.2798e-008
38.579	3.3468e-008	86.565	2.0055e-009	3.3407e-008
39.299	3.4091e-008	86.5	2.081e-009	3.4027e-008
40.032	3.4726e-008	86.435	2.1592e-009	3.4659e-008
40.779	3.5373e-008	86.369	2.2405e-009	3.5302e-008
41.541	3.6032e-008	86.301	2.3247e-009	3.5957e-008
42.316	3.6703e-008	86.232	2.4121e-009	3.6624e-008
43.106	3.7387e-008	86.161	2.5029e-009	3.7303e-008
43.911	3.8083e-008	86.09	2.597e-009	3.7994e-008
44.73	3.8792e-008	86.017	2.6946e-009	3.8698e-008
45.565	3.9514e-008	85.943	2.7959e-009	3.9415e-008
46.416	4.025e-008	85.867	2.901e-009	4.0145e-008
47.282	4.0999e-008	85.79	3.01e-009	4.0888e-008
48.165	4.1762e-008	85.711	3.1232e-009	4.1645e-008
49.064	4.2539e-008	85.631	3.2405e-009	4.2416e-008
49.98	4.3331e-008	85.55	3.3623e-009	4.32e-008
50.913	4.4137e-008	85.467	3.4886e-009	4.3999e-008
51.863	4.4958e-008	85.382	3.6197e-009	4.4812e-008
52.831	4.5794e-008	85.296	3.7556e-009	4.564e-008
53.818	4.6646e-008	85.208	3.8967e-009	4.6483e-008
54.822	4.7513e-008	85.119	4.043e-009	4.7341e-008
55.845	4.8397e-008	85.028	4.1948e-009	4.8215e-008
56.888	4.9297e-008	84.935	4.3523e-009	4.9104e-008
57.95	5.0213e-008	84.84	4.5156e-009	5.0009e-008
59.032	5.1146e-008	84.744	4.6851e-009	5.0931e-008
60.133	5.2097e-008	84.646	4.8609e-009	5.1869e-008
61.256	5.3064e-008	84.546	5.0432e-009	5.2824e-008
62.399	5.405e-008	84.445	5.2324e-009	5.3796e-008
63.564	5.5054e-008	84.341	5.4286e-009	5.4786e-008
64.751	5.6076e-008	84.236	5.6322e-009	5.5793e-008
65.959	5.7117e-008	84.128	5.8433e-009	5.6817e-008
67.191	5.8177e-008	84.019	6.0623e-009	5.7861e-008
68.445	5.9257e-008	83.907	6.2895e-009	5.8922e-008
69.723	6.0356e-008	83.794	6.5251e-009	6.0002e-008
71.024	6.1476e-008	83.678	6.7695e-009	6.1102e-008
72.35	6.2616e-008	83.56	7.023e-009	6.2221e-008
73.7	6.3777e-008	83.44	7.2859e-009	6.3359e-008
75.076	6.4959e-008	83.318	7.5586e-009	6.4517e-008
76.478	6.6162e-008	83.193	7.8414e-009	6.5696e-008
77.905	6.7388e-008	83.067	8.1347e-009	6.6895e-008
79.359	6.8636e-008	82.937	8.4389e-009	6.8115e-008
80.841	6.9906e-008	82.806	8.7544e-009	6.9356e-008
82.35	7.12e-008	82.672	9.0816e-009	7.0619e-008
83.887	7.2518e-008	82.536	9.4209e-009	7.1903e-008
85.453	7.3859e-008	82.397	9.7728e-009	7.3209e-008
87.048	7.5225e-008	82.255	1.0138e-008	7.4538e-008
88.673	7.6615e-008	82.111	1.0516e-008	7.589e-008
90.328	7.803e-008	81.964	1.0908e-008	7.7264e-008
92.014	7.9472e-008	81.814	1.1315e-008	7.8662e-008
93.732	8.0939e-008	81.662	1.1737e-008	8.0083e-008
95.482	8.2433e-008	81.507	1.2175e-008	8.1529e-008
97.264	8.3953e-008	81.349	1.2628e-008	8.2998e-008
99.08	8.5501e-008	81.188	1.3098e-008	8.4492e-008
100.93	8.7077e-008	81.024	1.3586e-008	8.6011e-008
102.81	8.8681e-008	80.857	1.4091e-008	8.7554e-008
104.73	9.0314e-008	80.687	1.4615e-008	8.9124e-008
106.69	9.1976e-008	80.514	1.5159e-008	9.0718e-008
108.68	9.3668e-008	80.337	1.5722e-008	9.2339e-008
110.71	9.539e-008	80.158	1.6306e-008	9.3986e-008
112.77	9.7143e-008	79.975	1.6911e-008	9.566e-008
114.88	9.8927e-008	79.788	1.7538e-008	9.736e-008
117.02	1.0074e-007	79.598	1.8189e-008	9.9087e-008
119.21	1.0259e-007	79.405	1.8863e-008	1.0084e-007
121.43	1.0447e-007	79.208	1.9561e-008	1.0262e-007
123.7	1.0638e-007	79.007	2.0286e-008	1.0443e-007
126.01	1.0833e-007	78.803	2.1036e-008	1.0627e-007
128.36	1.1031e-007	78.595	2.1814e-008	1.0813e-007
130.76	1.1233e-007	78.383	2.262e-008	1.1003e-007
133.2	1.1438e-007	78.167	2.3455e-008	1.1195e-007
135.68	1.1647e-007	77.947	2.4321e-008	1.139e-007
138.22	1.1859e-007	77.723	2.5218e-008	1.1588e-007
140.8	1.2075e-007	77.494	2.6147e-008	1.1789e-007
143.43	1.2295e-007	77.262	2.711e-008	1.1992e-007
146.1	1.2518e-007	77.025	2.8107e-008	1.2199e-007
148.83	1.2746e-007	76.784	2.9141e-008	1.2408e-007
151.61	1.2977e-007	76.538	3.0211e-008	1.262e-007
154.44	1.3212e-007	76.287	3.132e-008	1.2836e-007
157.32	1.3451e-007	76.032	3.2468e-008	1.3054e-007
160.26	1.3695e-007	75.773	3.3657e-008	1.3274e-007
163.25	1.3942e-007	75.508	3.4889e-008	1.3498e-007
166.3	1.4193e-007	75.238	3.6164e-008	1.3725e-007
169.4	1.4449e-007	74.964	3.7484e-008	1.3954e-007
172.56	1.4709e-007	74.684	3.885e-008	1.4186e-007
175.78	1.4973e-007	74.4	4.0265e-008	1.4421e-007
179.07	1.5241e-007	74.11	4.1729e-008	1.4659e-007
182.41	1.5514e-007	73.815	4.3244e-008	1.4899e-007
185.81	1.5791e-007	73.514	4.4811e-008	1.5142e-007
189.28	1.6072e-007	73.208	4.6433e-008	1.5387e-007
192.81	1.6358e-007	72.896	4.811e-008	1.5635e-007
196.41	1.6649e-007	72.579	4.9845e-008	1.5885e-007
200.08	1.6944e-007	72.256	5.1639e-008	1.6138e-007
203.82	1.7244e-007	71.928	5.3494e-008	1.6393e-007
207.62	1.7548e-007	71.593	5.5411e-008	1.665e-007
211.5	1.7857e-007	71.253	5.7392e-008	1.691e-007
215.44	1.8171e-007	70.906	5.944e-008	1.7171e-007
219.47	1.849e-007	70.554	6.1556e-008	1.7435e-007
223.56	1.8813e-007	70.195	6.3742e-008	1.77e-007
227.73	1.9141e-007	69.83	6.6e-008	1.7968e-007
231.99	1.9475e-007	69.459	6.8332e-008	1.8236e-007
236.32	1.9813e-007	69.081	7.074e-008	1.8507e-007
240.73	2.0156e-007	68.697	7.3227e-008	1.8778e-007
245.22	2.0504e-007	68.305	7.5794e-008	1.9051e-007
249.8	2.0857e-007	67.907	7.8444e-008	1.9325e-007
254.46	2.1215e-007	67.502	8.1179e-008	1.96e-007
259.21	2.1578e-007	67.089	8.4002e-008	1.9876e-007
264.05	2.1946e-007	66.669	8.6916e-008	2.0152e-007
268.98	2.2319e-007	66.241	8.9921e-008	2.0428e-007
274.	2.2698e-007	65.806	9.3022e-008	2.0704e-007
279.11	2.3081e-007	65.362	9.622e-008	2.098e-007
284.33	2.3469e-007	64.91	9.9518e-008	2.1255e-007
289.63	2.3862e-007	64.45	1.0292e-007	2.1529e-007
295.04	2.426e-007	63.981	1.0642e-007	2.1802e-007
300.55	2.4663e-007	63.504	1.1003e-007	2.2073e-007
306.16	2.507e-007	63.018	1.1375e-007	2.2341e-007
311.87	2.5482e-007	62.523	1.1757e-007	2.2608e-007
317.69	2.5898e-007	62.019	1.2151e-007	2.2871e-007
323.62	2.6319e-007	61.506	1.2556e-007	2.3131e-007
329.66	2.6743e-007	60.985	1.2972e-007	2.3387e-007
335.82	2.7172e-007	60.455	1.3399e-007	2.3639e-007
342.09	2.7605e-007	59.916	1.3837e-007	2.3886e-007
348.47	2.8041e-007	59.368	1.4287e-007	2.4128e-007
354.98	2.8481e-007	58.811	1.4749e-007	2.4364e-007
361.6	2.8924e-007	58.246	1.5222e-007	2.4595e-007
368.35	2.9372e-007	57.672	1.5707e-007	2.4819e-007
375.23	2.9822e-007	57.09	1.6203e-007	2.5037e-007
382.23	3.0277e-007	56.498	1.6712e-007	2.5247e-007
389.37	3.0735e-007	55.897	1.7232e-007	2.5449e-007
396.64	3.1196e-007	55.286	1.7765e-007	2.5643e-007
404.04	3.166e-007	54.666	1.8311e-007	2.5828e-007
411.58	3.2128e-007	54.034	1.8869e-007	2.6003e-007
419.27	3.2598e-007	53.391	1.944e-007	2.6167e-007
427.09	3.307e-007	52.737	2.0023e-007	2.6319e-007
435.07	3.3544e-007	52.071	2.0619e-007	2.6458e-007
443.19	3.4019e-007	51.392	2.1227e-007	2.6583e-007
451.46	3.4494e-007	50.702	2.1847e-007	2.6693e-007
459.89	3.4969e-007	49.999	2.2478e-007	2.6787e-007
468.47	3.5442e-007	49.286	2.3119e-007	2.6864e-007
477.22	3.5914e-007	48.562	2.3769e-007	2.6924e-007
486.12	3.6384e-007	47.827	2.4427e-007	2.6965e-007
495.2	3.6852e-007	47.084	2.5094e-007	2.6989e-007
504.44	3.7317e-007	46.332	2.5767e-007	2.6994e-007
513.86	3.7781e-007	45.571	2.6448e-007	2.698e-007
523.45	3.8242e-007	44.801	2.7135e-007	2.6947e-007
533.22	3.8702e-007	44.021	2.783e-007	2.6895e-007
543.17	3.9159e-007	43.23	2.8532e-007	2.6821e-007
553.31	3.9614e-007	42.427	2.9241e-007	2.6726e-007
563.64	4.0065e-007	41.609	2.9957e-007	2.6605e-007
574.16	4.0511e-007	40.775	3.0678e-007	2.6457e-007
584.88	4.0949e-007	39.926	3.1403e-007	2.6281e-007
595.8	4.1376e-007	39.062	3.2127e-007	2.6073e-007
606.92	4.179e-007	38.185	3.2848e-007	2.5834e-007
618.25	4.2189e-007	37.298	3.3561e-007	2.5565e-007
629.79	4.2573e-007	36.407	3.4264e-007	2.5268e-007
641.55	4.2943e-007	35.513	3.4955e-007	2.4945e-007
653.52	4.3301e-007	34.619	3.5635e-007	2.46e-007
665.72	4.3651e-007	33.725	3.6305e-007	2.4235e-007
678.15	4.3994e-007	32.827	3.6969e-007	2.385e-007
690.81	4.4334e-007	31.919	3.763e-007	2.344e-007
703.7	4.4667e-007	30.995	3.8289e-007	2.3002e-007
716.84	4.4989e-007	30.046	3.8943e-007	2.2526e-007
730.22	4.5291e-007	29.071	3.9585e-007	2.2007e-007
743.85	4.5564e-007	28.072	4.0204e-007	2.1441e-007
757.74	4.5799e-007	27.058	4.0786e-007	2.0834e-007
771.88	4.5992e-007	26.044	4.1322e-007	2.0193e-007
786.29	4.6146e-007	25.045	4.1807e-007	1.9535e-007
800.97	4.6271e-007	24.071	4.2248e-007	1.8873e-007
815.92	4.6382e-007	23.123	4.2656e-007	1.8214e-007
831.15	4.6489e-007	22.188	4.3046e-007	1.7556e-007
846.66	4.6595e-007	21.247	4.3428e-007	1.6886e-007
862.47	4.6691e-007	20.28	4.3797e-007	1.6184e-007
878.57	4.6755e-007	19.28	4.4133e-007	1.5438e-007
894.97	4.6764e-007	18.259	4.441e-007	1.4652e-007
911.67	4.6706e-007	17.249	4.4606e-007	1.3849e-007
928.69	4.6591e-007	16.288	4.4721e-007	1.3067e-007
946.03	4.6449e-007	15.399	4.4782e-007	1.2334e-007
963.69	4.6321e-007	14.571	4.4831e-007	1.1653e-007
981.68	4.6229e-007	13.752	4.4904e-007	1.099e-007
1000.	4.6159e-007	12.88	4.4998e-007	1.0289e-007
