Frequency (Hz)	Amplitude (MPa)	Phase Angle (deg)	Real (MPa)	Imaginary (MPa)
10.	3.2639e-006	-90.	7.7009e-017	-3.2639e-006
10.187	3.2038e-006	-90.	7.9913e-017	-3.2038e-006
10.377	3.1448e-006	-90.	8.2926e-017	-3.1448e-006
10.571	3.0869e-006	-90.	8.6053e-017	-3.0869e-006
10.768	3.03e-006	-90.	8.9297e-017	-3.03e-006
10.969	2.9742e-006	-90.	9.2665e-017	-2.9742e-006
11.174	2.9194e-006	-90.	9.6159e-017	-2.9194e-006
11.382	2.8656e-006	-90.	9.9785e-017	-2.8656e-006
11.595	2.8127e-006	-90.	1.0355e-016	-2.8127e-006
11.811	2.7609e-006	-90.	1.0745e-016	-2.7609e-006
12.032	2.7099e-006	-90.	1.1151e-016	-2.7099e-006
12.256	2.6599e-006	-90.	1.1571e-016	-2.6599e-006
12.485	2.6109e-006	-90.	1.2008e-016	-2.6109e-006
12.718	2.5627e-006	-90.	1.246e-016	-2.5627e-006
12.955	2.5154e-006	-90.	1.293e-016	-2.5154e-006
13.197	2.4689e-006	-90.	1.3418e-016	-2.4689e-006
13.444	2.4233e-006	-90.	1.3924e-016	-2.4233e-006
13.695	2.3785e-006	-90.	1.445e-016	-2.3785e-006
13.95	2.3345e-006	-90.	1.4995e-016	-2.3345e-006
14.211	2.2914e-006	-90.	1.556e-016	-2.2914e-006
14.476	2.249e-006	-90.	1.6147e-016	-2.249e-006
14.746	2.2074e-006	-90.	1.6757e-016	-2.2074e-006
15.021	2.1665e-006	-90.	1.7389e-016	-2.1665e-006
15.302	2.1264e-006	-90.	1.8045e-016	-2.1264e-006
15.587	2.087e-006	-90.	1.8726e-016	-2.087e-006
15.878	2.0483e-006	-90.	1.9433e-016	-2.0483e-006
16.175	2.0103e-006	-90.	2.0166e-016	-2.0103e-006
16.477	1.973e-006	-90.	2.0927e-016	-1.973e-006
16.784	1.9364e-006	-90.	2.1717e-016	-1.9364e-006
17.097	1.9005e-006	-90.	2.2537e-016	-1.9005e-006
17.417	1.8652e-006	-90.	2.3387e-016	-1.8652e-006
17.742	1.8305e-006	-90.	2.427e-016	-1.8305e-006
18.073	1.7965e-006	-90.	2.5187e-016	-1.7965e-006
18.41	1.763e-006	-90.	2.6137e-016	-1.763e-006
18.754	1.7302e-006	-90.	2.7124e-016	-1.7302e-006
19.104	1.698e-006	-90.	2.8149e-016	-1.698e-006
19.461	1.6663e-006	-90.	2.9212e-016	-1.6663e-006
19.824	1.6353e-006	-90.	3.0315e-016	-1.6353e-006
20.194	1.6047e-006	-90.	3.146e-016	-1.6047e-006
20.571	1.5748e-006	-90.	3.2648e-016	-1.5748e-006
20.955	1.5453e-006	-90.	3.3882e-016	-1.5453e-006
21.346	1.5164e-006	-90.	3.5162e-016	-1.5164e-006
21.744	1.4881e-006	-90.	3.649e-016	-1.4881e-006
22.15	1.4602e-006	-90.	3.7869e-016	-1.4602e-006
22.564	1.4328e-006	-90.	3.9301e-016	-1.4328e-006
22.985	1.4059e-006	-90.	4.0786e-016	-1.4059e-006
23.414	1.3795e-006	-90.	4.2328e-016	-1.3795e-006
23.851	1.3536e-006	-90.	4.3928e-016	-1.3536e-006
24.296	1.3281e-006	-90.	4.5589e-016	-1.3281e-006
24.75	1.3031e-006	-90.	4.7313e-016	-1.3031e-006
25.212	1.2785e-006	-90.	4.9103e-016	-1.2785e-006
25.683	1.2544e-006	-90.	5.096e-016	-1.2544e-006
26.162	1.2307e-006	-90.	5.2888e-016	-1.2307e-006
26.65	1.2074e-006	-90.	5.4889e-016	-1.2074e-006
27.148	1.1845e-006	-90.	5.6966e-016	-1.1845e-006
27.655	1.1621e-006	-90.	5.9122e-016	-1.1621e-006
28.171	1.14e-006	-90.	6.1361e-016	-1.14e-006
28.697	1.1183e-006	-90.	6.3684e-016	-1.1183e-006
29.232	1.097e-006	-90.	6.6096e-016	-1.097e-006
29.778	1.0761e-006	-90.	6.8599e-016	-1.0761e-006
30.334	1.0555e-006	-90.	7.1198e-016	-1.0555e-006
30.9	1.0353e-006	-90.	7.3896e-016	-1.0353e-006
31.477	1.0155e-006	-90.	7.6696e-016	-1.0155e-006
32.064	9.9601e-007	-90.	7.9604e-016	-9.9601e-007
32.663	9.7686e-007	-90.	8.2622e-016	-9.7686e-007
33.273	9.5804e-007	-90.	8.5756e-016	-9.5804e-007
33.894	9.3955e-007	-90.	8.9009e-016	-9.3955e-007
34.527	9.2138e-007	-90.	9.2386e-016	-9.2138e-007
35.171	9.0353e-007	-90.	9.5893e-016	-9.0353e-007
35.828	8.8598e-007	-90.	9.9533e-016	-8.8598e-007
36.496	8.6874e-007	-90.	1.0331e-015	-8.6874e-007
37.178	8.5179e-007	-90.	1.0724e-015	-8.5179e-007
37.872	8.3514e-007	-90.	1.1131e-015	-8.3514e-007
38.579	8.1877e-007	-90.	1.1554e-015	-8.1877e-007
39.299	8.0268e-007	-90.	1.1994e-015	-8.0268e-007
40.032	7.8687e-007	-90.	1.245e-015	-7.8687e-007
40.779	7.7132e-007	-90.	1.2924e-015	-7.7132e-007
41.541	7.5604e-007	-90.	1.3416e-015	-7.5604e-007
42.316	7.4101e-007	-90.	1.3926e-015	-7.4101e-007
43.106	7.2624e-007	-90.	1.4457e-015	-7.2624e-007
43.911	7.1172e-007	-90.	1.5008e-015	-7.1172e-007
44.73	6.9744e-007	-90.	1.558e-015	-6.9744e-007
45.565	6.8339e-007	-90.	1.6174e-015	-6.8339e-007
46.416	6.6958e-007	-90.	1.6791e-015	-6.6958e-007
47.282	6.56e-007	-90.	1.7433e-015	-6.56e-007
48.165	6.4264e-007	-90.	1.8098e-015	-6.4264e-007
49.064	6.2951e-007	-90.	1.879e-015	-6.2951e-007
49.98	6.1658e-007	-90.	1.9509e-015	-6.1658e-007
50.913	6.0387e-007	-90.	2.0255e-015	-6.0387e-007
51.863	5.9136e-007	-90.	2.103e-015	-5.9136e-007
52.831	5.7905e-007	-90.	2.1836e-015	-5.7905e-007
53.818	5.6694e-007	-90.	2.2673e-015	-5.6694e-007
54.822	5.5503e-007	-90.	2.3543e-015	-5.5503e-007
55.845	5.433e-007	-90.	2.4446e-015	-5.433e-007
56.888	5.3176e-007	-90.	2.5385e-015	-5.3176e-007
57.95	5.204e-007	-90.	2.6361e-015	-5.204e-007
59.032	5.0921e-007	-90.	2.7375e-015	-5.0921e-007
60.133	4.982e-007	-90.	2.8429e-015	-4.982e-007
61.256	4.8736e-007	-90.	2.9524e-015	-4.8736e-007
62.399	4.7668e-007	-90.	3.0662e-015	-4.7668e-007
63.564	4.6616e-007	-90.	3.1846e-015	-4.6616e-007
64.751	4.558e-007	-90.	3.3076e-015	-4.558e-007
65.959	4.456e-007	-90.	3.4355e-015	-4.456e-007
67.191	4.3554e-007	-90.	3.5684e-015	-4.3554e-007
68.445	4.2564e-007	-90.	3.7067e-015	-4.2564e-007
69.723	4.1587e-007	-90.	3.8505e-015	-4.1587e-007
71.024	4.0625e-007	-90.	4.e-015	-4.0625e-007
72.35	3.9676e-007	-90.	4.1555e-015	-3.9676e-007
73.7	3.8741e-007	-90.	4.3172e-015	-3.8741e-007
75.076	3.7819e-007	-90.	4.4855e-015	-3.7819e-007
76.478	3.6909e-007	-90.	4.6605e-015	-3.6909e-007
77.905	3.6012e-007	-90.	4.8426e-015	-3.6012e-007
79.359	3.5126e-007	-90.	5.0321e-015	-3.5126e-007
80.841	3.4253e-007	-90.	5.2294e-015	-3.4253e-007
82.35	3.339e-007	-90.	5.4346e-015	-3.339e-007
83.887	3.2539e-007	-90.	5.6483e-015	-3.2539e-007
85.453	3.1699e-007	-90.	5.8707e-015	-3.1699e-007
87.048	3.0869e-007	-90.	6.1022e-015	-3.0869e-007
88.673	3.0049e-007	-90.	6.3434e-015	-3.0049e-007
90.328	2.9239e-007	-90.	6.5945e-015	-2.9239e-007
92.014	2.8438e-007	-90.	6.8561e-015	-2.8438e-007
93.732	2.7647e-007	-90.	7.1286e-015	-2.7647e-007
95.482	2.6864e-007	-90.	7.4126e-015	-2.6864e-007
97.264	2.609e-007	-90.	7.7085e-015	-2.609e-007
99.08	2.5324e-007	-90.	8.017e-015	-2.5324e-007
100.93	2.4567e-007	-90.	8.3385e-015	-2.4567e-007
102.81	2.3817e-007	-90.	8.6738e-015	-2.3817e-007
104.73	2.3074e-007	-90.	9.0235e-015	-2.3074e-007
106.69	2.2339e-007	-90.	9.3882e-015	-2.2339e-007
108.68	2.161e-007	-90.	9.7688e-015	-2.161e-007
110.71	2.0888e-007	-90.	1.0166e-014	-2.0888e-007
112.77	2.0172e-007	-90.	1.0581e-014	-2.0172e-007
114.88	1.9462e-007	-90.	1.1013e-014	-1.9462e-007
117.02	1.8757e-007	-90.	1.1465e-014	-1.8757e-007
119.21	1.8058e-007	-90.	1.1938e-014	-1.8058e-007
121.43	1.7363e-007	-90.	1.2431e-014	-1.7363e-007
123.7	1.6673e-007	-90.	1.2947e-014	-1.6673e-007
126.01	1.5988e-007	-90.	1.3487e-014	-1.5988e-007
128.36	1.5306e-007	-90.	1.4051e-014	-1.5306e-007
130.76	1.4628e-007	-90.	1.4641e-014	-1.4628e-007
133.2	1.3953e-007	-90.	1.5259e-014	-1.3953e-007
135.68	1.3282e-007	-90.	1.5906e-014	-1.3282e-007
138.22	1.2612e-007	-90.	1.6584e-014	-1.2612e-007
140.8	1.1945e-007	-90.	1.7295e-014	-1.1945e-007
143.43	1.128e-007	-90.	1.804e-014	-1.128e-007
146.1	1.0616e-007	-90.	1.8821e-014	-1.0616e-007
148.83	9.9537e-008	-90.	1.9641e-014	-9.9537e-008
151.61	9.2917e-008	-90.	2.0502e-014	-9.2917e-008
154.44	8.6298e-008	-90.	2.1407e-014	-8.6298e-008
157.32	7.9677e-008	-90.	2.2358e-014	-7.9677e-008
160.26	7.3049e-008	-90.	2.3358e-014	-7.3049e-008
163.25	6.641e-008	-90.	2.4411e-014	-6.641e-008
166.3	5.9753e-008	-90.	2.552e-014	-5.9753e-008
169.4	5.3075e-008	-90.	2.6689e-014	-5.3075e-008
172.56	4.637e-008	-90.	2.7923e-014	-4.637e-008
175.78	3.9631e-008	-90.	2.9224e-014	-3.9631e-008
179.07	3.2852e-008	-90.	3.06e-014	-3.2852e-008
182.41	2.6028e-008	-90.	3.2055e-014	-2.6028e-008
185.81	1.9151e-008	-90.	3.3595e-014	-1.9151e-008
189.28	1.2213e-008	-90.	3.5227e-014	-1.2213e-008
192.81	5.2077e-009	-90.	3.6959e-014	-5.2077e-009
196.41	1.8744e-009	89.999	3.8797e-014	1.8744e-009
200.08	9.0422e-009	90.	4.0753e-014	9.0422e-009
203.82	1.6306e-008	90.	4.2835e-014	1.6306e-008
207.62	2.3675e-008	90.	4.5055e-014	2.3675e-008
211.5	3.1162e-008	90.	4.7426e-014	3.1162e-008
215.44	3.8779e-008	90.	4.9962e-014	3.8779e-008
219.47	4.654e-008	90.	5.2679e-014	4.654e-008
223.56	5.4459e-008	90.	5.5596e-014	5.4459e-008
227.73	6.2555e-008	90.	5.8732e-014	6.2555e-008
231.99	7.0843e-008	90.	6.2113e-014	7.0843e-008
236.32	7.9346e-008	90.	6.5765e-014	7.9346e-008
240.73	8.8086e-008	90.	6.9719e-014	8.8086e-008
245.22	9.7087e-008	90.	7.4012e-014	9.7087e-008
249.8	1.0638e-007	90.	7.8687e-014	1.0638e-007
254.46	1.1599e-007	90.	8.3793e-014	1.1599e-007
259.21	1.2597e-007	90.	8.9387e-014	1.2597e-007
264.05	1.3634e-007	90.	9.554e-014	1.3634e-007
268.98	1.4717e-007	90.	1.0233e-013	1.4717e-007
274.	1.5849e-007	90.	1.0987e-013	1.5849e-007
279.11	1.7039e-007	90.	1.1826e-013	1.7039e-007
284.33	1.8292e-007	90.	1.2765e-013	1.8292e-007
289.63	1.9619e-007	90.	1.3823e-013	1.9619e-007
295.04	2.103e-007	90.	1.5022e-013	2.103e-007
300.55	2.2536e-007	90.	1.6389e-013	2.2536e-007
306.16	2.4154e-007	90.	1.7961e-013	2.4154e-007
311.87	2.5901e-007	90.	1.9783e-013	2.5901e-007
317.69	2.7802e-007	90.	2.1915e-013	2.7802e-007
323.62	2.9883e-007	90.	2.4435e-013	2.9883e-007
329.66	3.2182e-007	90.	2.7452e-013	3.2182e-007
335.82	3.4746e-007	90.	3.111e-013	3.4746e-007
342.09	3.7635e-007	90.	3.5618e-013	3.7635e-007
348.47	4.0931e-007	90.	4.1271e-013	4.0931e-007
354.98	4.4748e-007	90.	4.8513e-013	4.4748e-007
361.6	4.9244e-007	90.	5.8024e-013	4.9244e-007
368.35	5.4649e-007	90.	7.0895e-013	5.4649e-007
375.23	6.1315e-007	90.	8.8965e-013	6.1315e-007
382.23	6.9799e-007	90.	1.1554e-012	6.9799e-007
389.37	8.1051e-007	90.	1.5705e-012	8.1051e-007
396.64	9.6822e-007	90.	2.274e-012	9.6822e-007
404.04	1.2075e-006	90.	3.6149e-012	1.2075e-006
411.58	1.618e-006	90.	6.6898e-012	1.618e-006
419.27	2.4983e-006	90.	1.6595e-011	2.4983e-006
427.09	5.8042e-006	89.999	9.4211e-011	5.8042e-006
435.07	1.4471e-005	-89.998	6.2372e-010	-1.4471e-005
443.19	3.0494e-006	-89.999	2.9922e-011	-3.0494e-006
451.46	1.6408e-006	-90.	9.5171e-012	-1.6408e-006
459.89	1.0861e-006	-90.	4.6711e-012	-1.0861e-006
468.47	7.8659e-007	-90.	2.8071e-012	-7.8659e-007
477.22	5.9698e-007	-90.	1.903e-012	-5.9698e-007
486.12	4.6457e-007	-90.	1.4006e-012	-4.6457e-007
495.2	3.6557e-007	-90.	1.0959e-012	-3.6557e-007
504.44	2.8766e-007	-90.	9.0037e-013	-2.8766e-007
513.86	2.2378e-007	-90.	7.704e-013	-2.2378e-007
523.45	1.6958e-007	-90.	6.8277e-013	-1.6958e-007
533.22	1.2219e-007	-90.	6.2435e-013	-1.2219e-007
543.17	7.9636e-008	-90.	5.8742e-013	-7.9636e-008
553.31	4.0434e-008	-89.999	5.6771e-013	-4.0434e-008
563.64	3.4256e-009	-89.991	5.6288e-013	-3.4256e-009
574.16	3.2389e-008	89.999	5.7251e-013	3.2389e-008
584.88	6.7967e-008	89.999	5.9795e-013	6.7967e-008
595.8	1.0435e-007	90.	6.4301e-013	1.0435e-007
606.92	1.4283e-007	90.	7.1578e-013	1.4283e-007
618.25	1.8532e-007	90.	8.3306e-013	1.8532e-007
629.79	2.3506e-007	90.	1.0329e-012	2.3506e-007
641.55	2.9861e-007	90.	1.4158e-012	2.9861e-007
653.52	3.9274e-007	90.	2.3267e-012	3.9274e-007
665.72	5.8026e-007	89.999	5.693e-012	5.8026e-007
678.15	1.5231e-006	89.998	5.9141e-011	1.5231e-006
690.81	6.4225e-007	-89.997	3.0385e-011	-6.4225e-007
703.7	2.2367e-008	-89.987	5.0079e-012	-2.2367e-008
716.84	1.5742e-007	89.999	2.7029e-012	1.5742e-007
730.22	2.7471e-007	90.	2.2791e-012	2.7471e-007
743.85	3.8308e-007	90.	2.4548e-012	3.8308e-007
757.74	5.077e-007	90.	3.1582e-012	5.077e-007
771.88	6.8168e-007	90.	4.9333e-012	6.8168e-007
786.29	1.001e-006	89.999	1.0851e-011	1.001e-006
800.97	2.2178e-006	89.998	7.3861e-011	2.2178e-006
815.92	1.2423e-006	-89.995	9.822e-011	-1.2423e-006
831.15	3.8908e-007	89.997	1.9844e-011	3.8908e-007
846.66	1.4217e-006	89.999	3.7097e-011	1.4217e-006
862.47	9.539e-006	89.993	1.0972e-009	9.539e-006
878.57	2.6566e-006	-89.998	8.0072e-011	-2.6566e-006
894.97	1.1501e-006	-89.999	1.6513e-011	-1.1501e-006
911.67	6.935e-007	-89.999	7.3844e-012	-6.935e-007
928.69	4.5861e-007	-89.999	4.453e-012	-4.5861e-007
946.03	3.0685e-007	-89.999	3.1901e-012	-3.0685e-007
963.69	1.9411e-007	-89.999	2.5821e-012	-1.9411e-007
981.68	1.0097e-007	-89.999	2.3163e-012	-1.0097e-007
1000.	1.63e-008	-89.992	2.2929e-012	-1.63e-008
