Freq(hertz)	SPL(dB)		WPhase(deg)
10.00   	67.40   	159.34  
10.14   	67.66   	159.03  
10.29   	67.93   	158.70  
10.44   	68.19   	158.38  
10.59   	68.45   	158.04  
10.74   	68.72   	157.70  
10.90   	68.98   	157.36  
11.05   	69.24   	157.01  
11.21   	69.51   	156.65  
11.37   	69.77   	156.29  
11.54   	70.04   	155.92  
11.70   	70.31   	155.54  
11.87   	70.57   	155.16  
12.04   	70.84   	154.77  
12.22   	71.11   	154.37  
12.39   	71.38   	153.97  
12.57   	71.65   	153.55  
12.75   	71.92   	153.13  
12.94   	72.19   	152.71  
13.12   	72.46   	152.27  
13.31   	72.73   	151.83  
13.50   	73.00   	151.37  
13.70   	73.27   	150.91  
13.89   	73.55   	150.44  
14.10   	73.82   	149.96  
14.30   	74.10   	149.47  
14.50   	74.37   	148.97  
14.71   	74.65   	148.47  
14.92   	74.92   	147.95  
15.14   	75.20   	147.42  
15.36   	75.48   	146.88  
15.58   	75.76   	146.33  
15.80   	76.04   	145.76  
16.03   	76.32   	145.19  
16.26   	76.61   	144.60  
16.50   	76.89   	144.00  
16.73   	77.17   	143.39  
16.98   	77.46   	142.76  
17.22   	77.74   	142.12  
17.47   	78.03   	141.46  
17.72   	78.32   	140.80  
17.97   	78.61   	140.11  
18.23   	78.90   	139.41  
18.50   	79.19   	138.69  
18.76   	79.48   	137.96  
19.03   	79.77   	137.21  
19.31   	80.07   	136.44  
19.59   	80.36   	135.65  
19.87   	80.66   	134.84  
20.15   	80.96   	134.02  
20.44   	81.26   	133.17  
20.74   	81.56   	132.30  
21.04   	81.86   	131.40  
21.34   	82.16   	130.49  
21.65   	82.47   	129.55  
21.96   	82.77   	128.58  
22.28   	83.08   	127.59  
22.60   	83.39   	126.58  
22.92   	83.69   	125.53  
23.25   	84.00   	124.45  
23.59   	84.32   	123.35  
23.93   	84.63   	122.21  
24.27   	84.94   	121.04  
24.62   	85.25   	119.84  
24.98   	85.57   	118.60  
25.34   	85.88   	117.32  
25.70   	86.20   	116.01  
26.07   	86.52   	114.66  
26.45   	86.83   	113.26  
26.83   	87.15   	111.82  
27.21   	87.47   	110.34  
27.61   	87.79   	108.81  
28.00   	88.10   	107.24  
28.41   	88.42   	105.61  
28.82   	88.74   	103.94  
29.23   	89.05   	102.21  
29.65   	89.37   	100.43  
30.08   	89.68   	98.60   
30.51   	89.99   	96.70   
30.95   	90.30   	94.75   
31.40   	90.60   	92.74   
31.85   	90.90   	90.67   
32.31   	91.20   	88.54   
32.77   	91.49   	86.35   
33.25   	91.78   	84.10   
33.72   	92.06   	81.78   
34.21   	92.34   	79.41   
34.70   	92.61   	76.97   
35.20   	92.87   	74.48   
35.71   	93.13   	71.93   
36.22   	93.37   	69.32   
36.75   	93.61   	66.66   
37.28   	93.84   	63.96   
37.81   	94.05   	61.21   
38.36   	94.26   	58.41   
38.91   	94.45   	55.58   
39.47   	94.64   	52.72   
40.04   	94.81   	49.83   
40.62   	94.97   	46.92   
41.20   	95.11   	43.99   
41.79   	95.25   	41.05   
42.40   	95.37   	38.10   
43.01   	95.49   	35.16   
43.63   	95.59   	32.21   
44.26   	95.68   	29.27   
44.89   	95.75   	26.34   
45.54   	95.82   	23.43   
46.20   	95.88   	20.54   
46.86   	95.93   	17.66   
47.54   	95.97   	14.81   
48.22   	96.01   	11.98   
48.91   	96.03   	9.17    
49.62   	96.05   	6.39    
50.33   	96.06   	3.64    
51.06   	96.07   	0.91    
51.79   	96.07   	-1.79   
52.54   	96.07   	-4.46   
53.30   	96.06   	-7.12   
54.07   	96.05   	-9.75   
54.84   	96.03   	-12.35  
55.63   	96.01   	-14.94  
56.44   	95.99   	-17.51  
57.25   	95.96   	-20.06  
58.07   	95.93   	-22.59  
58.91   	95.89   	-25.11  
59.76   	95.86   	-27.61  
60.62   	95.82   	-30.11  
61.49   	95.78   	-32.59  
62.38   	95.73   	-35.06  
63.28   	95.68   	-37.52  
64.19   	95.63   	-39.97  
65.11   	95.58   	-42.41  
66.05   	95.52   	-44.85  
67.00   	95.46   	-47.28  
67.97   	95.40   	-49.70  
68.95   	95.34   	-52.12  
69.94   	95.27   	-54.53  
70.95   	95.19   	-56.93  
71.97   	95.12   	-59.33  
73.01   	95.04   	-61.72  
74.06   	94.96   	-64.10  
75.12   	94.87   	-66.47  
76.21   	94.78   	-68.83  
77.30   	94.69   	-71.18  
78.42   	94.59   	-73.52  
79.55   	94.49   	-75.84  
80.69   	94.39   	-78.16  
81.85   	94.29   	-80.45  
83.03   	94.18   	-82.73  
84.23   	94.06   	-84.99  
85.44   	93.95   	-87.23  
86.67   	93.83   	-89.45  
87.92   	93.71   	-91.65  
89.19   	93.59   	-93.83  
90.47   	93.47   	-95.99  
91.78   	93.34   	-98.12  
93.10   	93.21   	-100.22 
94.44   	93.09   	-102.30 
95.80   	92.96   	-104.36 
97.18   	92.83   	-106.39 
98.58   	92.70   	-108.39 
100.00  	92.57   	-110.36 
101.44  	92.44   	-112.31 
102.90  	92.31   	-114.22 
104.38  	92.18   	-116.11 
105.89  	92.06   	-117.98 
107.41  	91.94   	-119.81 
108.96  	91.82   	-121.62 
110.53  	91.70   	-123.40 
112.12  	91.58   	-125.16 
113.74  	91.47   	-126.89 
115.38  	91.37   	-128.60 
117.04  	91.27   	-130.28 
118.72  	91.17   	-131.94 
120.43  	91.08   	-133.58 
122.17  	90.99   	-135.19 
123.93  	90.91   	-136.78 
125.71  	90.84   	-138.36 
127.52  	90.78   	-139.91 
129.36  	90.72   	-141.45 
131.22  	90.67   	-142.97 
133.11  	90.64   	-144.48 
135.03  	90.61   	-145.98 
136.98  	90.59   	-147.46 
138.95  	90.59   	-148.93 
140.95  	90.59   	-150.40 
142.98  	90.62   	-151.86 
145.04  	90.65   	-153.31 
147.13  	90.70   	-154.77 
149.25  	90.77   	-156.22 
151.40  	90.86   	-157.69 
153.58  	90.96   	-159.16 
155.79  	91.09   	-160.64 
158.04  	91.24   	-162.14 
160.31  	91.42   	-163.67 
162.62  	91.62   	-165.23 
164.96  	91.86   	-166.83 
167.34  	92.13   	-168.48 
169.75  	92.44   	-170.20 
172.20  	92.80   	-172.00 
174.68  	93.20   	-173.91 
177.19  	93.67   	-175.95 
179.75  	94.19   	-178.18 
182.33  	94.80   	179.35  
184.96  	95.49   	176.56  
187.63  	96.30   	173.32  
190.33  	97.23   	169.44  
193.07  	98.31   	164.61  
195.85  	99.56   	158.33  
198.67  	101.00  	149.73  
201.53  	102.54  	137.45  
204.44  	103.89  	119.79  
207.38  	104.41  	96.90   
210.37  	103.62  	73.72   
213.40  	101.92  	55.54   
216.47  	99.99   	42.87   
219.59  	98.16   	34.04   
222.75  	96.51   	27.64   
225.96  	95.04   	22.76   
229.22  	93.72   	18.87   
232.52  	92.54   	15.65   
235.87  	91.47   	12.91   
239.27  	90.50   	10.50   
242.71  	89.61   	8.35    
246.21  	88.80   	6.40    
249.76  	88.06   	4.59    
253.35  	87.37   	2.90    
257.00  	86.74   	1.29    
260.70  	86.16   	-0.24   
264.46  	85.63   	-1.71   
268.27  	85.15   	-3.15   
272.13  	84.70   	-4.55   
276.05  	84.30   	-5.93   
280.03  	83.94   	-7.29   
284.06  	83.63   	-8.65   
288.16  	83.35   	-10.02  
292.31  	83.11   	-11.39  
296.52  	82.92   	-12.79  
300.79  	82.77   	-14.22  
305.12  	82.66   	-15.68  
309.52  	82.60   	-17.20  
313.97  	82.59   	-18.79  
318.50  	82.64   	-20.46  
323.08  	82.73   	-22.24  
327.74  	82.90   	-24.16  
332.46  	83.12   	-26.26  
337.25  	83.42   	-28.58  
342.11  	83.81   	-31.20  
347.03  	84.28   	-34.20  
352.03  	84.86   	-37.73  
357.10  	85.55   	-41.99  
362.25  	86.36   	-47.28  
367.47  	87.30   	-54.04  
372.76  	88.32   	-62.95  
378.13  	89.33   	-74.84  
383.58  	90.08   	-90.37  
389.10  	90.22   	-108.83 
394.71  	89.51   	-127.49 
400.39  	88.12   	-143.49 
406.16  	86.37   	-155.95 
412.01  	84.44   	-165.48 
417.94  	82.21   	-173.08 
423.96  	78.81   	-179.84 
430.07  	46.34   	-8.82   
436.27  	93.38   	-161.39 
442.55  	85.08   	176.83  
448.93  	82.77   	171.74  
455.39  	81.45   	168.20  
461.95  	80.55   	165.21  
468.61  	79.90   	162.48  
475.36  	79.42   	159.87  
482.20  	79.09   	157.29  
489.15  	78.89   	154.67  
496.19  	78.81   	151.95  
503.34  	78.86   	149.05  
510.59  	79.03   	145.87  
517.95  	79.34   	142.32  
525.41  	79.78   	138.22  
532.98  	80.37   	133.36  
540.65  	81.10   	127.45  
548.44  	81.97   	120.02  
556.34  	82.93   	110.50  
564.36  	83.86   	98.24   
572.48  	84.54   	82.97   
580.73  	84.72   	65.62   
589.10  	84.26   	48.47   
597.58  	83.34   	33.58   
606.19  	82.24   	21.63   
614.92  	81.16   	12.21   
623.78  	80.20   	4.65    
632.76  	79.41   	-1.62   
641.88  	78.80   	-7.05   
651.13  	78.38   	-11.96  
660.50  	78.14   	-16.59  
670.02  	78.10   	-21.17  
679.67  	78.26   	-25.88  
689.46  	78.62   	-30.96  
699.39  	79.19   	-36.68  
709.47  	80.00   	-43.41  
719.69  	81.03   	-51.69  
730.05  	82.25   	-62.31  
740.57  	83.54   	-76.24  
751.24  	84.64   	-94.10  
762.06  	85.15   	-114.86 
773.03  	84.93   	-135.33 
784.17  	84.26   	-152.83 
795.47  	83.54   	-167.00 
806.92  	83.02   	-178.84 
818.55  	82.81   	170.45  
830.34  	82.93   	159.66  
842.30  	83.29   	147.30  
854.43  	82.62   	130.63  
866.74  	90.09   	113.79  
879.22  	88.38   	81.65   
891.89  	86.86   	50.40   
904.74  	84.60   	26.58   
917.77  	82.46   	9.64    
930.99  	80.75   	-3.52   
944.40  	79.51   	-15.07  
958.00  	78.68   	-26.43  
971.80  	78.19   	-38.62  
985.80  	77.93   	-52.55  
1000.00 	77.72   	-68.81  
1014.40 	77.32   	-87.29  
1029.02 	76.55   	-106.69 
1043.84 	75.41   	-125.13 
1058.88 	74.08   	-141.47 
1074.13 	72.79   	-155.67 
1089.60 	71.67   	-168.32 
1105.30 	70.78   	179.87  
1121.22 	70.13   	168.23  
1137.37 	69.72   	156.16  
1153.75 	69.49   	143.14  
1170.37 	69.39   	128.72  
1187.23 	69.30   	112.74  
1204.33 	69.10   	95.39   
1221.68 	68.73   	77.35   
1239.28 	68.16   	59.43   
1257.13 	67.42   	42.21   
1275.23 	66.39   	25.82   
1293.60 	71.25   	10.76   
1312.24 	66.93   	-5.17   
1331.14 	66.43   	-20.68  
1350.31 	66.25   	-36.55  
1369.76 	66.24   	-53.06  
1389.50 	66.37   	-70.45  
1409.51 	66.57   	-88.92  
1429.81 	66.79   	-108.54 
1450.41 	66.97   	-129.19 
1471.30 	67.04   	-150.36 
1492.50 	67.03   	-171.32 
1513.99 	67.03   	168.47  
1535.80 	67.20   	149.06  
1557.93 	67.68   	129.83  
1580.37 	68.58   	109.53  
1603.13 	69.87   	86.34   
1626.22 	71.31   	58.33   
1649.65 	72.36   	25.66   
1673.41 	72.79   	-8.01   
1697.52 	73.02   	-40.76  
1721.97 	81.15   	-73.43  
1746.77 	74.77   	-120.94 
1771.93 	72.71   	-165.73 
1797.46 	69.95   	160.91  
1823.35 	67.88   	134.98  
1849.61 	66.67   	110.36  
1876.26 	65.97   	82.94   
1903.28 	65.08   	51.89   
1930.70 	63.57   	21.23   
1958.51 	61.84   	-5.13   
1986.72 	60.51   	-27.80  
2015.34 	59.83   	-49.61  
2044.37 	59.73   	-73.58  
2073.82 	59.77   	-101.83 
2103.69 	59.33   	-133.07 
2133.99 	58.14   	-162.68 
2164.73 	58.30   	171.47  
2195.91 	57.63   	147.42  
2227.54 	57.87   	122.17  
2259.63 	58.49   	93.16   
2292.18 	58.90   	60.54   
2325.20 	58.92   	28.02   
2358.69 	58.99   	-1.96   
2392.67 	59.64   	-30.99  
2427.13 	60.97   	-62.48  
2462.09 	62.70   	-99.41  
2497.56 	64.31   	-141.88 
2533.53 	65.75   	171.77  
2570.03 	66.73   	117.84  
2607.05 	67.30   	54.15   
2644.60 	64.48   	-2.15   
2682.70 	61.73   	-46.04  
2721.34 	59.78   	-85.68  
2760.54 	58.25   	-125.87 
2800.30 	56.62   	-166.11 
2840.64 	54.99   	156.63  
2881.56 	53.88   	121.99  
2923.07 	53.48   	86.12   
2965.17 	53.21   	46.00   
3007.88 	50.43   	4.84    
3051.21 	52.13   	-32.34  
3095.16 	52.23   	-68.13  
3139.75 	53.09   	-108.44 
3184.97 	53.65   	-153.68 
3230.85 	53.92   	163.74  
3277.39 	55.19   	123.25  
3324.60 	57.70   	75.19   
3372.49 	59.93   	15.43   
3421.07 	61.74   	-50.81  
3470.35 	62.17   	-135.24 
3520.33 	58.26   	156.30  
3571.04 	55.58   	102.65  
3622.48 	53.44   	48.97   
3674.66 	51.24   	-0.82   
3727.59 	49.80   	-46.79  
3781.29 	49.12   	-94.56  
3835.76 	48.47   	-145.11 
3891.01 	48.20   	165.47  
3947.06 	48.06   	117.43  
4003.91 	48.79   	66.48   
4061.59 	49.61   	11.48   
4120.09 	50.69   	-42.49  
4179.44 	53.26   	-100.01 
4239.64 	56.43   	-173.89 
4300.71 	66.73   	97.03   
4362.66 	55.90   	-4.14   
4425.50 	51.96   	-73.26  
4489.25 	49.52   	-139.03 
4553.92 	46.96   	160.10  
4619.51 	45.76   	103.89  
4686.06 	45.17   	41.96   
4753.56 	44.60   	-18.05  
4822.03 	44.87   	-76.56  
4891.49 	45.80   	-141.26 
4961.95 	46.96   	154.10  
5033.42 	49.75   	85.14   
5105.93 	53.49   	-1.85   
5179.47 	55.46   	-117.66 
5254.08 	50.62   	139.00  
5329.77 	47.09   	60.95   
5406.54 	44.31   	-13.42  
5484.42 	42.69   	-81.41  
5563.42 	42.03   	-154.24 
5643.56 	41.63   	135.42  
5724.85 	42.65   	63.35   
5807.31 	43.83   	-14.04  
5890.96 	46.93   	-93.04  
5975.82 	51.23   	163.46  
6061.90 	51.56   	24.86   
6149.22 	46.18   	-78.56  
6237.79 	42.66   	-166.76 
6327.65 	40.43   	112.90  
6418.79 	39.52   	30.32   
6511.25 	39.28   	-51.33  
6605.04 	40.46   	-135.64 
6700.19 	42.36   	135.70  
6796.70 	46.99   	34.46   
6894.60 	50.63   	-110.84 
6993.92 	44.58   	116.71  
7094.66 	40.54   	15.22   
7196.86 	38.12   	-75.69  
7300.52 	36.98   	-170.05 
7405.68 	37.47   	98.30   
7512.36 	39.09   	0.00    
7620.57 	42.92   	-104.13 
7730.34 	48.14   	109.91  
7841.69 	43.25   	-50.70  
7954.65 	38.58   	-164.59 
8069.23 	36.00   	92.85   
8185.47 	35.28   	-12.60  
8303.38 	36.10   	-116.45 
8422.98 	38.53   	132.85  
8544.31 	44.50   	-1.33   
8667.39 	43.62   	169.32  
8792.24 	37.54   	37.01   
8918.88 	34.36   	-78.24  
9047.36 	33.55   	165.98  
9177.68 	34.58   	50.30   
9309.88 	37.90   	-73.30  
9443.98 	44.59   	119.68  
9580.02 	38.87   	-70.55  
9718.02 	33.84   	155.46  
9858.00 	32.06   	29.86   
10000.00	32.45   	-95.46  
10144.05	35.39   	131.42  
10290.17	42.64   	-38.79  
10438.39	37.44   	110.84  
10588.75	32.13   	-34.48  
10741.28	30.35   	-171.43 
10896.00	31.56   	51.27   
11052.95	36.08   	-97.14  
11212.16	41.35   	38.85   
11373.67	33.00   	-144.80 
11537.50	29.59   	66.51   
11703.69	29.46   	-81.24  
11872.28	32.96   	123.19  
12043.30	41.26   	-93.20  
12216.77	32.35   	51.32   
12392.75	28.39   	-109.44 
12571.26	28.34   	91.88   
12752.35	32.58   	-76.43  
12936.04	38.66   	32.53   
13122.37	29.61   	-172.55 
13311.40	26.76   	17.29   
13503.14	28.30   	-154.05 
13697.65	35.97   	7.05    
13894.95	31.73   	93.13   
14095.11	26.27   	-93.75  
14298.14	26.20   	85.48   
14504.10	31.94   	-109.56 
14713.02	32.86   	-42.12  
14924.96	25.62   	113.09  
15139.94	24.96   	-78.38  
15358.03	30.61   	76.92   
15579.25	31.50   	130.70  
15803.66	24.41   	-83.71  
16031.31	24.41   	73.36   
16262.23	32.08   	-153.52 
16496.48	27.85   	-108.89 
16734.10	22.91   	32.75   
16975.15	25.02   	176.12  
17219.67	34.39   	-121.66 
17467.71	23.51   	-33.88  
17719.33	22.22   	101.93  
17974.56	29.91   	-144.42 
18233.48	25.48   	-125.94 
18496.12	21.18   	-4.79   
18762.55	25.48   	112.63  
19032.82	27.31   	115.73  
19306.98	20.46   	-140.97 
19585.09	23.37   	-31.68  
19867.20	28.00   	-35.78  
20000.00	22.34   	-170.39 
