Freq (hertz)	SPL (dB)	WPhase (deg)
10.00   	68.80   	153.58  
10.14   	69.04   	153.23  
10.29   	69.27   	152.87  
10.44   	69.50   	152.50  
10.59   	69.73   	152.14  
10.74   	69.96   	151.77  
10.90   	70.19   	151.39  
11.05   	70.42   	151.01  
11.21   	70.65   	150.63  
11.37   	70.88   	150.24  
11.54   	71.10   	149.85  
11.70   	71.33   	149.45  
11.87   	71.56   	149.05  
12.04   	71.78   	148.65  
12.22   	72.01   	148.24  
12.39   	72.24   	147.82  
12.57   	72.46   	147.40  
12.75   	72.68   	146.98  
12.94   	72.91   	146.56  
13.12   	73.13   	146.13  
13.31   	73.35   	145.69  
13.50   	73.58   	145.25  
13.70   	73.80   	144.81  
13.89   	74.02   	144.36  
14.10   	74.24   	143.91  
14.30   	74.46   	143.45  
14.50   	74.67   	142.99  
14.71   	74.89   	142.52  
14.92   	75.11   	142.05  
15.14   	75.33   	141.58  
15.36   	75.54   	141.10  
15.58   	75.76   	140.62  
15.80   	75.97   	140.13  
16.03   	76.19   	139.64  
16.26   	76.40   	139.14  
16.50   	76.61   	138.64  
16.73   	76.82   	138.14  
16.98   	77.03   	137.63  
17.22   	77.24   	137.12  
17.47   	77.45   	136.60  
17.72   	77.66   	136.08  
17.97   	77.87   	135.56  
18.23   	78.07   	135.03  
18.50   	78.28   	134.50  
18.76   	78.48   	133.96  
19.03   	78.69   	133.42  
19.31   	78.89   	132.88  
19.59   	79.09   	132.33  
19.87   	79.30   	131.78  
20.15   	79.50   	131.22  
20.44   	79.70   	130.66  
20.74   	79.89   	130.10  
21.04   	80.09   	129.53  
21.34   	80.29   	128.96  
21.65   	80.48   	128.39  
21.96   	80.68   	127.81  
22.28   	80.87   	127.23  
22.60   	81.07   	126.64  
22.92   	81.26   	126.05  
23.25   	81.45   	125.46  
23.59   	81.64   	124.87  
23.93   	81.83   	124.27  
24.27   	82.02   	123.67  
24.62   	82.20   	123.06  
24.98   	82.39   	122.45  
25.34   	82.57   	121.84  
25.70   	82.76   	121.23  
26.07   	82.94   	120.61  
26.45   	83.12   	119.99  
26.83   	83.30   	119.37  
27.21   	83.48   	118.75  
27.61   	83.66   	118.12  
28.00   	83.84   	117.49  
28.41   	84.02   	116.85  
28.82   	84.19   	116.22  
29.23   	84.37   	115.58  
29.65   	84.54   	114.93  
30.08   	84.72   	114.29  
30.51   	84.89   	113.64  
30.95   	85.06   	113.00  
31.40   	85.23   	112.34  
31.85   	85.40   	111.69  
32.31   	85.56   	111.03  
32.77   	85.73   	110.38  
33.25   	85.90   	109.72  
33.72   	86.06   	109.05  
34.21   	86.22   	108.39  
34.70   	86.39   	107.72  
35.20   	86.55   	107.05  
35.71   	86.71   	106.38  
36.22   	86.87   	105.71  
36.75   	87.02   	105.03  
37.28   	87.18   	104.36  
37.81   	87.34   	103.68  
38.36   	87.49   	103.00  
38.91   	87.65   	102.31  
39.47   	87.80   	101.63  
40.04   	87.95   	100.94  
40.62   	88.10   	100.25  
41.20   	88.25   	99.56   
41.79   	88.40   	98.87   
42.40   	88.55   	98.18   
43.01   	88.69   	97.48   
43.63   	88.84   	96.78   
44.26   	88.98   	96.08   
44.89   	89.13   	95.38   
45.54   	89.27   	94.68   
46.20   	89.41   	93.97   
46.86   	89.55   	93.27   
47.54   	89.69   	92.56   
48.22   	89.83   	91.85   
48.91   	89.97   	91.14   
49.62   	90.10   	90.42   
50.33   	90.24   	89.71   
51.06   	90.37   	88.99   
51.79   	90.51   	88.27   
52.54   	90.64   	87.55   
53.30   	90.77   	86.82   
54.07   	90.90   	86.10   
54.84   	91.03   	85.37   
55.63   	91.16   	84.64   
56.44   	91.28   	83.91   
57.25   	91.41   	83.18   
58.07   	91.53   	82.45   
58.91   	91.66   	81.71   
59.76   	91.78   	80.97   
60.62   	91.90   	80.23   
61.49   	92.02   	79.49   
62.38   	92.14   	78.74   
63.28   	92.26   	78.00   
64.19   	92.38   	77.25   
65.11   	92.50   	76.50   
66.05   	92.61   	75.75   
67.00   	92.73   	74.99   
67.97   	92.84   	74.24   
68.95   	92.95   	73.48   
69.94   	93.06   	72.72   
70.95   	93.17   	71.95   
71.97   	93.28   	71.19   
73.01   	93.39   	70.42   
74.06   	93.50   	69.65   
75.12   	93.60   	68.88   
76.21   	93.71   	68.10   
77.30   	93.81   	67.33   
78.42   	93.91   	66.55   
79.55   	94.01   	65.77   
80.69   	94.11   	64.99   
81.85   	94.21   	64.20   
83.03   	94.31   	63.41   
84.23   	94.41   	62.62   
85.44   	94.50   	61.83   
86.67   	94.59   	61.04   
87.92   	94.69   	60.24   
89.19   	94.78   	59.44   
90.47   	94.87   	58.64   
91.78   	94.96   	57.84   
93.10   	95.05   	57.03   
94.44   	95.13   	56.22   
95.80   	95.22   	55.42   
97.18   	95.30   	54.60   
98.58   	95.39   	53.79   
100.00  	95.47   	52.97   
101.44  	95.55   	52.15   
102.90  	95.63   	51.33   
104.38  	95.70   	50.51   
105.89  	95.78   	49.69   
107.41  	95.86   	48.86   
108.96  	95.93   	48.03   
110.53  	96.00   	47.20   
112.12  	96.07   	46.37   
113.74  	96.14   	45.54   
115.38  	96.21   	44.70   
117.04  	96.28   	43.86   
118.72  	96.34   	43.02   
120.43  	96.41   	42.18   
122.17  	96.47   	41.34   
123.93  	96.53   	40.49   
125.71  	96.59   	39.65   
127.52  	96.65   	38.80   
129.36  	96.71   	37.95   
131.22  	96.76   	37.10   
133.11  	96.82   	36.25   
135.03  	96.87   	35.40   
136.98  	96.92   	34.55   
138.95  	96.97   	33.69   
140.95  	97.02   	32.84   
142.98  	97.06   	31.98   
145.04  	97.11   	31.12   
147.13  	97.15   	30.26   
149.25  	97.20   	29.41   
151.40  	97.24   	28.55   
153.58  	97.27   	27.69   
155.79  	97.31   	26.83   
158.04  	97.35   	25.97   
160.31  	97.38   	25.11   
162.62  	97.42   	24.24   
164.96  	97.45   	23.38   
167.34  	97.48   	22.52   
169.75  	97.51   	21.66   
172.20  	97.53   	20.80   
174.68  	97.56   	19.94   
177.19  	97.58   	19.08   
179.75  	97.60   	18.22   
182.33  	97.62   	17.36   
184.96  	97.64   	16.50   
187.63  	97.66   	15.64   
190.33  	97.68   	14.79   
193.07  	97.69   	13.93   
195.85  	97.70   	13.07   
198.67  	97.71   	12.22   
201.53  	97.72   	11.37   
204.44  	97.73   	10.52   
207.38  	97.74   	9.67    
210.37  	97.74   	8.82    
213.40  	97.75   	7.97    
216.47  	97.75   	7.12    
219.59  	97.75   	6.28    
222.75  	97.75   	5.44    
225.96  	97.74   	4.60    
229.22  	97.74   	3.76    
232.52  	97.73   	2.93    
235.87  	97.73   	2.09    
239.27  	97.72   	1.26    
242.71  	97.71   	0.43    
246.21  	97.69   	-0.39   
249.76  	97.68   	-1.22   
253.35  	97.67   	-2.04   
257.00  	97.65   	-2.85   
260.70  	97.63   	-3.67   
264.46  	97.61   	-4.48   
268.27  	97.59   	-5.29   
272.13  	97.57   	-6.10   
276.05  	97.55   	-6.90   
280.03  	97.52   	-7.70   
284.06  	97.49   	-8.49   
288.16  	97.47   	-9.29   
292.31  	97.44   	-10.08  
296.52  	97.41   	-10.86  
300.79  	97.37   	-11.64  
305.12  	97.34   	-12.42  
309.52  	97.31   	-13.20  
313.97  	97.27   	-13.97  
318.50  	97.23   	-14.73  
323.08  	97.20   	-15.50  
327.74  	97.16   	-16.26  
332.46  	97.11   	-17.01  
337.25  	97.07   	-17.76  
342.11  	97.03   	-18.51  
347.03  	96.98   	-19.25  
352.03  	96.94   	-19.99  
357.10  	96.89   	-20.73  
362.25  	96.84   	-21.46  
367.47  	96.79   	-22.18  
372.76  	96.74   	-22.90  
378.13  	96.69   	-23.62  
383.58  	96.64   	-24.33  
389.10  	96.58   	-25.04  
394.71  	96.53   	-25.75  
400.39  	96.47   	-26.45  
406.16  	96.41   	-27.14  
412.01  	96.35   	-27.83  
417.94  	96.29   	-28.52  
423.96  	96.23   	-29.20  
430.07  	96.17   	-29.88  
436.27  	96.11   	-30.55  
442.55  	96.05   	-31.22  
448.93  	95.98   	-31.88  
455.39  	95.91   	-32.54  
461.95  	95.85   	-33.20  
468.61  	95.78   	-33.85  
475.36  	95.71   	-34.50  
482.20  	95.64   	-35.14  
489.15  	95.57   	-35.78  
496.19  	95.50   	-36.41  
503.34  	95.43   	-37.04  
510.59  	95.35   	-37.67  
517.95  	95.28   	-38.29  
525.41  	95.21   	-38.91  
532.98  	95.13   	-39.52  
540.65  	95.05   	-40.13  
548.44  	94.97   	-40.74  
556.34  	94.90   	-41.34  
564.36  	94.82   	-41.93  
572.48  	94.74   	-42.53  
580.73  	94.66   	-43.12  
589.10  	94.57   	-43.70  
597.58  	94.49   	-44.28  
606.19  	94.41   	-44.86  
614.92  	94.32   	-45.43  
623.78  	94.24   	-46.00  
632.76  	94.15   	-46.57  
641.88  	94.06   	-47.13  
651.13  	93.97   	-47.69  
660.50  	93.89   	-48.24  
670.02  	93.80   	-48.79  
679.67  	93.71   	-49.34  
689.46  	93.61   	-49.88  
699.39  	93.52   	-50.42  
709.47  	93.43   	-50.95  
719.69  	93.33   	-51.48  
730.05  	93.24   	-52.01  
740.57  	93.14   	-52.53  
751.24  	93.05   	-53.05  
762.06  	92.95   	-53.56  
773.03  	92.85   	-54.07  
784.17  	92.75   	-54.57  
795.47  	92.65   	-55.07  
806.92  	92.55   	-55.57  
818.55  	92.45   	-56.06  
830.34  	92.35   	-56.54  
842.30  	92.24   	-57.02  
854.43  	92.14   	-57.50  
866.74  	92.03   	-57.97  
879.22  	91.93   	-58.43  
891.89  	91.82   	-58.89  
904.74  	91.71   	-59.34  
917.77  	91.60   	-59.79  
930.99  	91.49   	-60.23  
944.40  	91.38   	-60.67  
958.00  	91.27   	-61.10  
971.80  	91.16   	-61.52  
985.80  	91.05   	-61.94  
1000.00 	90.94   	-62.35  
1014.40 	90.82   	-62.75  
1029.02 	90.71   	-63.15  
1043.84 	90.60   	-63.54  
1058.88 	90.48   	-63.92  
1074.13 	90.37   	-64.30  
1089.60 	90.25   	-64.67  
1105.30 	90.13   	-65.03  
1121.22 	90.02   	-65.39  
1137.37 	89.90   	-65.74  
1153.75 	89.78   	-66.08  
1170.37 	89.67   	-66.42  
1187.23 	89.55   	-66.75  
1204.33 	89.43   	-67.08  
1221.68 	89.31   	-67.40  
1239.28 	89.19   	-67.71  
1257.13 	89.08   	-68.02  
1275.23 	88.96   	-68.32  
1293.60 	88.84   	-68.62  
1312.24 	88.72   	-68.91  
1331.14 	88.60   	-69.19  
1350.31 	88.49   	-69.48  
1369.76 	88.37   	-69.76  
1389.50 	88.25   	-70.03  
1409.51 	88.13   	-70.30  
1429.81 	88.02   	-70.57  
1450.41 	87.90   	-70.83  
1471.30 	87.78   	-71.09  
1492.50 	87.66   	-71.35  
1513.99 	87.54   	-71.61  
1535.80 	87.43   	-71.86  
1557.93 	87.31   	-72.11  
1580.37 	87.19   	-72.36  
1603.13 	87.07   	-72.61  
1626.22 	86.95   	-72.85  
1649.65 	86.84   	-73.10  
1673.41 	86.72   	-73.34  
1697.52 	86.60   	-73.58  
1721.97 	86.48   	-73.81  
1746.77 	86.36   	-74.05  
1771.93 	86.24   	-74.28  
1797.46 	86.12   	-74.51  
1823.35 	86.00   	-74.73  
1849.61 	85.88   	-74.96  
1876.26 	85.76   	-75.18  
1903.28 	85.64   	-75.39  
1930.70 	85.51   	-75.60  
1958.51 	85.39   	-75.81  
1986.72 	85.27   	-76.02  
2015.34 	85.15   	-76.22  
2044.37 	85.03   	-76.41  
2073.82 	84.90   	-76.61  
2103.69 	84.78   	-76.80  
2133.99 	84.66   	-76.98  
2164.73 	84.54   	-77.16  
2195.91 	84.41   	-77.34  
2227.54 	84.29   	-77.51  
2259.63 	84.17   	-77.69  
2292.18 	84.05   	-77.86  
2325.20 	83.93   	-78.02  
2358.69 	83.80   	-78.19  
2392.67 	83.68   	-78.35  
2427.13 	83.56   	-78.51  
2462.09 	83.44   	-78.67  
2497.56 	83.32   	-78.83  
2533.53 	83.20   	-78.99  
2570.03 	83.07   	-79.15  
2607.05 	82.95   	-79.31  
2644.60 	82.83   	-79.46  
2682.70 	82.71   	-79.61  
2721.34 	82.58   	-79.76  
2760.54 	82.46   	-79.91  
2800.30 	82.34   	-80.06  
2840.64 	82.21   	-80.20  
2881.56 	82.09   	-80.34  
2923.07 	81.97   	-80.48  
2965.17 	81.84   	-80.62  
3007.88 	81.72   	-80.75  
3051.21 	81.60   	-80.88  
3095.16 	81.47   	-81.01  
3139.75 	81.35   	-81.13  
3184.97 	81.22   	-81.25  
3230.85 	81.10   	-81.37  
3277.39 	80.98   	-81.49  
3324.60 	80.86   	-81.61  
3372.49 	80.73   	-81.73  
3421.07 	80.61   	-81.85  
3470.35 	80.49   	-81.97  
3520.33 	80.36   	-82.08  
3571.04 	80.24   	-82.20  
3622.48 	80.11   	-82.31  
3674.66 	79.99   	-82.42  
3727.59 	79.87   	-82.53  
3781.29 	79.74   	-82.64  
3835.76 	79.62   	-82.74  
3891.01 	79.49   	-82.84  
3947.06 	79.37   	-82.94  
4003.91 	79.24   	-83.04  
4061.59 	79.12   	-83.14  
4120.09 	79.00   	-83.23  
4179.44 	78.87   	-83.33  
4239.64 	78.75   	-83.42  
4300.71 	78.63   	-83.52  
4362.66 	78.50   	-83.61  
4425.50 	78.38   	-83.70  
4489.25 	78.25   	-83.79  
4553.92 	78.13   	-83.88  
4619.51 	78.00   	-83.97  
4686.06 	77.88   	-84.06  
4753.56 	77.75   	-84.14  
4822.03 	77.63   	-84.22  
4891.49 	77.50   	-84.30  
4961.95 	77.38   	-84.38  
5033.42 	77.25   	-84.46  
5105.93 	77.13   	-84.54  
5179.47 	77.01   	-84.62  
5254.08 	76.88   	-84.69  
5329.77 	76.76   	-84.77  
5406.54 	76.63   	-84.85  
5484.42 	76.50   	-84.92  
5563.42 	76.38   	-84.99  
5643.56 	76.25   	-85.06  
5724.85 	76.13   	-85.13  
5807.31 	76.00   	-85.20  
5890.96 	75.88   	-85.27  
5975.82 	75.75   	-85.33  
6061.90 	75.63   	-85.40  
6149.22 	75.50   	-85.47  
6237.79 	75.38   	-85.53  
6327.65 	75.25   	-85.60  
6418.79 	75.13   	-85.66  
6511.25 	75.00   	-85.72  
6605.04 	74.87   	-85.78  
6700.19 	74.75   	-85.84  
6796.70 	74.62   	-85.90  
6894.60 	74.50   	-85.96  
6993.92 	74.37   	-86.01  
7094.66 	74.24   	-86.07  
7196.86 	74.12   	-86.13  
7300.52 	73.99   	-86.18  
7405.68 	73.87   	-86.24  
7512.36 	73.74   	-86.29  
7620.57 	73.61   	-86.34  
7730.34 	73.49   	-86.39  
7841.69 	73.36   	-86.44  
7954.65 	73.23   	-86.50  
8069.23 	73.11   	-86.55  
8185.47 	72.98   	-86.60  
8303.38 	72.85   	-86.64  
8422.98 	72.73   	-86.69  
8544.31 	72.60   	-86.74  
8667.39 	72.47   	-86.78  
8792.24 	72.34   	-86.83  
8918.88 	72.22   	-86.88  
9047.36 	72.09   	-86.92  
9177.68 	71.96   	-86.96  
9309.88 	71.83   	-87.01  
9443.98 	71.70   	-87.05  
9580.02 	71.58   	-87.09  
9718.02 	71.45   	-87.13  
9858.00 	71.32   	-87.17  
10000.00	71.19   	-87.21  
10144.05	71.06   	-87.25  
10290.17	70.93   	-87.29  
10438.39	70.80   	-87.33  
10588.75	70.68   	-87.37  
10741.28	70.55   	-87.41  
10896.00	70.42   	-87.44  
11052.95	70.29   	-87.48  
11212.16	70.16   	-87.51  
11373.67	70.03   	-87.55  
11537.50	69.90   	-87.58  
11703.69	69.77   	-87.62  
11872.28	69.63   	-87.65  
12043.30	69.50   	-87.69  
12216.77	69.37   	-87.72  
12392.75	69.24   	-87.75  
12571.26	69.11   	-87.78  
12752.35	68.98   	-87.81  
12936.04	68.85   	-87.85  
13122.37	68.71   	-87.88  
13311.40	68.58   	-87.91  
13503.14	68.45   	-87.94  
13697.65	68.31   	-87.97  
13894.95	68.18   	-87.99  
14095.11	68.05   	-88.02  
14298.14	67.91   	-88.05  
14504.10	67.78   	-88.08  
14713.02	67.64   	-88.11  
14924.96	67.50   	-88.13  
15139.94	67.37   	-88.16  
15358.03	67.23   	-88.19  
15579.25	67.09   	-88.21  
15803.66	66.96   	-88.24  
16031.31	66.82   	-88.26  
16262.23	66.68   	-88.29  
16496.48	66.54   	-88.31  
16734.10	66.40   	-88.33  
16975.15	66.26   	-88.36  
17219.67	66.12   	-88.38  
17467.71	65.98   	-88.40  
17719.33	65.83   	-88.43  
17974.56	65.69   	-88.45  
18233.48	65.54   	-88.47  
18496.12	65.40   	-88.49  
18762.55	65.25   	-88.51  
19032.82	65.10   	-88.54  
19306.98	64.95   	-88.56  
19585.09	64.80   	-88.58  
19867.20	64.65   	-88.60  
20000.00	64.58   	-88.61  
