Frequency (Hz)	Amplitude (MPa)	Phase Angle (deg)	Real (MPa)	Imaginary (MPa)
10.	1.4694e-009	79.5	2.6778e-010	1.4448e-009
10.107	1.4851e-009	79.388	2.7349e-010	1.4597e-009
10.215	1.5009e-009	79.274	2.7933e-010	1.4747e-009
10.324	1.5169e-009	79.16	2.8529e-010	1.4899e-009
10.434	1.5331e-009	79.044	2.9137e-010	1.5052e-009
10.545	1.5495e-009	78.927	2.9759e-010	1.5207e-009
10.658	1.566e-009	78.809	3.0393e-010	1.5363e-009
10.772	1.5828e-009	78.69	3.1041e-010	1.552e-009
10.887	1.5996e-009	78.569	3.1703e-010	1.5679e-009
11.003	1.6167e-009	78.447	3.2379e-010	1.584e-009
11.12	1.634e-009	78.324	3.3069e-010	1.6002e-009
11.239	1.6514e-009	78.199	3.3774e-010	1.6165e-009
11.359	1.669e-009	78.073	3.4493e-010	1.633e-009
11.48	1.6869e-009	77.946	3.5228e-010	1.6497e-009
11.603	1.7049e-009	77.817	3.5979e-010	1.6665e-009
11.727	1.7231e-009	77.687	3.6745e-010	1.6834e-009
11.852	1.7415e-009	77.556	3.7527e-010	1.7005e-009
11.978	1.76e-009	77.423	3.8326e-010	1.7178e-009
12.106	1.7788e-009	77.288	3.9142e-010	1.7352e-009
12.235	1.7978e-009	77.153	3.9975e-010	1.7528e-009
12.366	1.817e-009	77.016	4.0826e-010	1.7706e-009
12.498	1.8364e-009	76.877	4.1694e-010	1.7885e-009
12.631	1.856e-009	76.737	4.2581e-010	1.8065e-009
12.766	1.8758e-009	76.595	4.3487e-010	1.8247e-009
12.902	1.8958e-009	76.452	4.4411e-010	1.8431e-009
13.04	1.9161e-009	76.308	4.5355e-010	1.8616e-009
13.179	1.9365e-009	76.162	4.6319e-010	1.8803e-009
13.32	1.9572e-009	76.014	4.7303e-010	1.8992e-009
13.462	1.9781e-009	75.864	4.8308e-010	1.9182e-009
13.606	1.9992e-009	75.714	4.9334e-010	1.9374e-009
13.751	2.0206e-009	75.561	5.0382e-010	1.9567e-009
13.898	2.0421e-009	75.407	5.1452e-010	1.9762e-009
14.046	2.0639e-009	75.251	5.2544e-010	1.9959e-009
14.196	2.086e-009	75.094	5.3659e-010	2.0158e-009
14.348	2.1082e-009	74.935	5.4797e-010	2.0358e-009
14.501	2.1307e-009	74.774	5.5959e-010	2.0559e-009
14.656	2.1535e-009	74.611	5.7146e-010	2.0763e-009
14.812	2.1764e-009	74.447	5.8357e-010	2.0968e-009
14.97	2.1997e-009	74.281	5.9594e-010	2.1174e-009
15.13	2.2232e-009	74.113	6.0856e-010	2.1382e-009
15.292	2.2469e-009	73.944	6.2145e-010	2.1592e-009
15.455	2.2709e-009	73.772	6.3461e-010	2.1804e-009
15.62	2.2951e-009	73.599	6.4804e-010	2.2017e-009
15.786	2.3196e-009	73.424	6.6176e-010	2.2232e-009
15.955	2.3444e-009	73.247	6.7576e-010	2.2449e-009
16.125	2.3694e-009	73.068	6.9005e-010	2.2667e-009
16.297	2.3947e-009	72.887	7.0464e-010	2.2887e-009
16.471	2.4202e-009	72.705	7.1953e-010	2.3108e-009
16.647	2.4461e-009	72.52	7.3473e-010	2.3331e-009
16.825	2.4722e-009	72.334	7.5025e-010	2.3556e-009
17.005	2.4986e-009	72.145	7.6609e-010	2.3782e-009
17.186	2.5253e-009	71.954	7.8226e-010	2.401e-009
17.369	2.5522e-009	71.762	7.9876e-010	2.424e-009
17.555	2.5794e-009	71.567	8.1561e-010	2.4471e-009
17.742	2.607e-009	71.37	8.328e-010	2.4704e-009
17.932	2.6348e-009	71.171	8.5035e-010	2.4938e-009
18.123	2.6629e-009	70.97	8.6826e-010	2.5174e-009
18.317	2.6914e-009	70.767	8.8655e-010	2.5411e-009
18.512	2.7201e-009	70.562	9.0521e-010	2.565e-009
18.71	2.7491e-009	70.355	9.2425e-010	2.5891e-009
18.909	2.7785e-009	70.145	9.4369e-010	2.6133e-009
19.111	2.8081e-009	69.933	9.6352e-010	2.6376e-009
19.315	2.8381e-009	69.719	9.8377e-010	2.6621e-009
19.521	2.8684e-009	69.502	1.0044e-009	2.6868e-009
19.73	2.899e-009	69.283	1.0255e-009	2.7116e-009
19.94	2.9299e-009	69.062	1.047e-009	2.7365e-009
20.153	2.9612e-009	68.839	1.069e-009	2.7615e-009
20.368	2.9928e-009	68.613	1.0914e-009	2.7867e-009
20.586	3.0248e-009	68.385	1.1143e-009	2.8121e-009
20.806	3.0571e-009	68.154	1.1376e-009	2.8375e-009
21.028	3.0897e-009	67.921	1.1614e-009	2.8631e-009
21.252	3.1227e-009	67.685	1.1857e-009	2.8888e-009
21.479	3.156e-009	67.447	1.2105e-009	2.9146e-009
21.708	3.1897e-009	67.206	1.2357e-009	2.9406e-009
21.94	3.2237e-009	66.963	1.2615e-009	2.9666e-009
22.174	3.2581e-009	66.717	1.2879e-009	2.9928e-009
22.411	3.2929e-009	66.468	1.3147e-009	3.0191e-009
22.65	3.3281e-009	66.217	1.3421e-009	3.0454e-009
22.892	3.3636e-009	65.963	1.3701e-009	3.0719e-009
23.136	3.3995e-009	65.707	1.3986e-009	3.0985e-009
23.383	3.4358e-009	65.447	1.4277e-009	3.1251e-009
23.633	3.4724e-009	65.185	1.4573e-009	3.1518e-009
23.885	3.5095e-009	64.92	1.4876e-009	3.1786e-009
24.14	3.547e-009	64.653	1.5185e-009	3.2055e-009
24.398	3.5848e-009	64.382	1.55e-009	3.2324e-009
24.658	3.6231e-009	64.109	1.5821e-009	3.2594e-009
24.921	3.6618e-009	63.832	1.6148e-009	3.2865e-009
25.187	3.7008e-009	63.553	1.6483e-009	3.3135e-009
25.456	3.7403e-009	63.271	1.6823e-009	3.3407e-009
25.728	3.7803e-009	62.985	1.7171e-009	3.3678e-009
26.003	3.8206e-009	62.697	1.7525e-009	3.395e-009
26.28	3.8614e-009	62.405	1.7886e-009	3.4222e-009
26.561	3.9026e-009	62.111	1.8255e-009	3.4493e-009
26.844	3.9443e-009	61.813	1.8631e-009	3.4765e-009
27.131	3.9864e-009	61.512	1.9014e-009	3.5037e-009
27.42	4.0289e-009	61.208	1.9404e-009	3.5308e-009
27.713	4.0719e-009	60.901	1.9803e-009	3.558e-009
28.009	4.1154e-009	60.59	2.0209e-009	3.585e-009
28.308	4.1593e-009	60.276	2.0623e-009	3.612e-009
28.61	4.2037e-009	59.959	2.1045e-009	3.639e-009
28.915	4.2486e-009	59.638	2.1475e-009	3.6659e-009
29.224	4.2939e-009	59.314	2.1913e-009	3.6927e-009
29.536	4.3397e-009	58.987	2.236e-009	3.7194e-009
29.851	4.3861e-009	58.656	2.2815e-009	3.7459e-009
30.17	4.4329e-009	58.321	2.328e-009	3.7724e-009
30.492	4.4802e-009	57.983	2.3753e-009	3.7987e-009
30.817	4.528e-009	57.641	2.4235e-009	3.8249e-009
31.146	4.5763e-009	57.296	2.4726e-009	3.8508e-009
31.479	4.6252e-009	56.947	2.5227e-009	3.8766e-009
31.815	4.6745e-009	56.594	2.5737e-009	3.9022e-009
32.154	4.7244e-009	56.237	2.6256e-009	3.9276e-009
32.498	4.7748e-009	55.877	2.6786e-009	3.9528e-009
32.845	4.8258e-009	55.513	2.7325e-009	3.9777e-009
33.195	4.8773e-009	55.144	2.7874e-009	4.0023e-009
33.55	4.9294e-009	54.772	2.8434e-009	4.0266e-009
33.908	4.982e-009	54.396	2.9004e-009	4.0507e-009
34.27	5.0351e-009	54.016	2.9584e-009	4.0744e-009
34.635	5.0889e-009	53.632	3.0175e-009	4.0977e-009
35.005	5.1432e-009	53.244	3.0777e-009	4.1207e-009
35.379	5.1981e-009	52.852	3.139e-009	4.1433e-009
35.756	5.2536e-009	52.455	3.2014e-009	4.1654e-009
36.138	5.3096e-009	52.054	3.265e-009	4.1871e-009
36.524	5.3663e-009	51.649	3.3296e-009	4.2084e-009
36.914	5.4236e-009	51.24	3.3955e-009	4.2291e-009
37.308	5.4814e-009	50.826	3.4625e-009	4.2494e-009
37.706	5.5399e-009	50.408	3.5307e-009	4.2691e-009
38.108	5.5991e-009	49.985	3.6001e-009	4.2882e-009
38.515	5.6588e-009	49.558	3.6707e-009	4.3067e-009
38.926	5.7192e-009	49.127	3.7426e-009	4.3246e-009
39.342	5.7802e-009	48.69	3.8157e-009	4.3418e-009
39.762	5.8419e-009	48.249	3.8901e-009	4.3584e-009
40.186	5.9043e-009	47.804	3.9657e-009	4.3742e-009
40.615	5.9673e-009	47.353	4.0427e-009	4.3892e-009
41.049	6.0309e-009	46.898	4.1209e-009	4.4034e-009
41.487	6.0953e-009	46.438	4.2005e-009	4.4168e-009
41.93	6.1604e-009	45.973	4.2814e-009	4.4294e-009
42.377	6.2261e-009	45.503	4.3637e-009	4.441e-009
42.83	6.2925e-009	45.028	4.4473e-009	4.4517e-009
43.287	6.3597e-009	44.548	4.5323e-009	4.4614e-009
43.749	6.4275e-009	44.063	4.6187e-009	4.47e-009
44.216	6.4961e-009	43.573	4.7064e-009	4.4776e-009
44.688	6.5655e-009	43.077	4.7956e-009	4.4841e-009
45.165	6.6355e-009	42.576	4.8862e-009	4.4894e-009
45.647	6.7063e-009	42.07	4.9783e-009	4.4935e-009
46.134	6.7779e-009	41.559	5.0717e-009	4.4963e-009
46.627	6.8502e-009	41.041	5.1667e-009	4.4979e-009
47.125	6.9233e-009	40.519	5.263e-009	4.4981e-009
47.628	6.9972e-009	39.991	5.3609e-009	4.4968e-009
48.136	7.0718e-009	39.457	5.4602e-009	4.4941e-009
48.65	7.1473e-009	38.918	5.561e-009	4.4899e-009
49.169	7.2235e-009	38.372	5.6632e-009	4.4842e-009
49.694	7.3006e-009	37.821	5.767e-009	4.4767e-009
50.224	7.3785e-009	37.264	5.8722e-009	4.4676e-009
50.761	7.4572e-009	36.701	5.9789e-009	4.4568e-009
51.302	7.5368e-009	36.133	6.0871e-009	4.4441e-009
51.85	7.6172e-009	35.558	6.1968e-009	4.4296e-009
52.403	7.6985e-009	34.977	6.308e-009	4.4131e-009
52.963	7.7806e-009	34.389	6.4207e-009	4.3946e-009
53.528	7.8636e-009	33.796	6.5349e-009	4.374e-009
54.1	7.9475e-009	33.196	6.6505e-009	4.3513e-009
54.677	8.0323e-009	32.59	6.7676e-009	4.3264e-009
55.261	8.118e-009	31.977	6.8862e-009	4.2991e-009
55.851	8.2046e-009	31.358	7.0062e-009	4.2695e-009
56.447	8.2922e-009	30.732	7.1277e-009	4.2375e-009
57.049	8.3806e-009	30.099	7.2506e-009	4.2029e-009
57.658	8.47e-009	29.46	7.3749e-009	4.1657e-009
58.274	8.5604e-009	28.814	7.5005e-009	4.1258e-009
58.896	8.6517e-009	28.161	7.6276e-009	4.0832e-009
59.524	8.744e-009	27.501	7.756e-009	4.0377e-009
60.16	8.8373e-009	26.834	7.8857e-009	3.9892e-009
60.802	8.9316e-009	26.16	8.0167e-009	3.9377e-009
61.451	9.0268e-009	25.478	8.149e-009	3.8831e-009
62.107	9.1231e-009	24.79	8.2825e-009	3.8253e-009
62.77	9.2205e-009	24.094	8.4171e-009	3.7641e-009
63.44	9.3188e-009	23.391	8.553e-009	3.6995e-009
64.117	9.4182e-009	22.68	8.6899e-009	3.6315e-009
64.802	9.5187e-009	21.961	8.828e-009	3.5598e-009
65.493	9.6202e-009	21.235	8.967e-009	3.4844e-009
66.192	9.7228e-009	20.501	9.107e-009	3.4052e-009
66.899	9.8265e-009	19.76	9.2479e-009	3.3221e-009
67.613	9.9313e-009	19.01	9.3897e-009	3.235e-009
68.335	1.0037e-008	18.253	9.5322e-009	3.1438e-009
69.064	1.0144e-008	17.487	9.6755e-009	3.0483e-009
69.801	1.0253e-008	16.713	9.8194e-009	2.9485e-009
70.547	1.0362e-008	15.931	9.9639e-009	2.8442e-009
71.3	1.0472e-008	15.141	1.0109e-008	2.7353e-009
72.061	1.0584e-008	14.342	1.0254e-008	2.6218e-009
72.83	1.0697e-008	13.535	1.04e-008	2.5035e-009
73.607	1.0811e-008	12.719	1.0546e-008	2.3803e-009
74.393	1.0926e-008	11.894	1.0692e-008	2.252e-009
75.187	1.1043e-008	11.061	1.0838e-008	2.1186e-009
75.99	1.1161e-008	10.219	1.0984e-008	1.98e-009
76.801	1.128e-008	9.3675	1.1129e-008	1.836e-009
77.621	1.14e-008	8.5071	1.1275e-008	1.6864e-009
78.449	1.1522e-008	7.6377	1.1419e-008	1.5313e-009
79.287	1.1644e-008	6.7589	1.1564e-008	1.3705e-009
80.133	1.1769e-008	5.8708	1.1707e-008	1.2038e-009
80.988	1.1894e-008	4.9732	1.1849e-008	1.0311e-009
81.853	1.2021e-008	4.066	1.1991e-008	8.5236e-010
82.727	1.2149e-008	3.1492	1.2131e-008	6.6743e-010
83.61	1.2279e-008	2.2226	1.227e-008	4.762e-010
84.502	1.241e-008	1.2861	1.2407e-008	2.7854e-010
85.404	1.2542e-008	0.33969	1.2542e-008	7.4359e-011
86.316	1.2676e-008	-0.61684	1.2675e-008	-1.3646e-010
87.237	1.2811e-008	-1.5836	1.2806e-008	-3.5403e-010
88.168	1.2948e-008	-2.5606	1.2935e-008	-5.7845e-010
89.11	1.3086e-008	-3.5481	1.3061e-008	-8.0982e-010
90.061	1.3225e-008	-4.546	1.3184e-008	-1.0482e-009
91.022	1.3366e-008	-5.5546	1.3304e-008	-1.2938e-009
91.994	1.3509e-008	-6.574	1.342e-008	-1.5466e-009
92.976	1.3653e-008	-7.6042	1.3533e-008	-1.8067e-009
93.968	1.3799e-008	-8.6454	1.3642e-008	-2.0742e-009
94.971	1.3946e-008	-9.6977	1.3747e-008	-2.3492e-009
95.985	1.4095e-008	-10.761	1.3847e-008	-2.6317e-009
97.01	1.4245e-008	-11.836	1.3942e-008	-2.9218e-009
98.045	1.4397e-008	-12.922	1.4032e-008	-3.2196e-009
99.092	1.455e-008	-14.02	1.4117e-008	-3.5251e-009
100.15	1.4706e-008	-15.13	1.4196e-008	-3.8383e-009
101.22	1.4863e-008	-16.251	1.4269e-008	-4.1593e-009
102.3	1.5021e-008	-17.385	1.4335e-008	-4.4881e-009
103.39	1.5181e-008	-18.53	1.4394e-008	-4.8247e-009
104.49	1.5343e-008	-19.688	1.4446e-008	-5.1692e-009
105.61	1.5507e-008	-20.858	1.4491e-008	-5.5214e-009
106.74	1.5673e-008	-22.041	1.4527e-008	-5.8813e-009
107.88	1.584e-008	-23.236	1.4555e-008	-6.249e-009
109.03	1.6009e-008	-24.444	1.4574e-008	-6.6244e-009
110.19	1.618e-008	-25.664	1.4583e-008	-7.0074e-009
111.37	1.6352e-008	-26.898	1.4583e-008	-7.3979e-009
112.56	1.6527e-008	-28.145	1.4573e-008	-7.7959e-009
113.76	1.6703e-008	-29.406	1.4551e-008	-8.2011e-009
114.97	1.6882e-008	-30.679	1.4519e-008	-8.6135e-009
116.2	1.7062e-008	-31.967	1.4474e-008	-9.033e-009
117.44	1.7244e-008	-33.268	1.4418e-008	-9.4592e-009
118.69	1.7428e-008	-34.583	1.4349e-008	-9.8921e-009
119.96	1.7614e-008	-35.912	1.4266e-008	-1.0331e-008
121.24	1.7802e-008	-37.255	1.417e-008	-1.0777e-008
122.54	1.7992e-008	-38.613	1.4059e-008	-1.1228e-008
123.84	1.8184e-008	-39.985	1.3933e-008	-1.1685e-008
125.17	1.8379e-008	-41.372	1.3792e-008	-1.2147e-008
126.5	1.8575e-008	-42.773	1.3635e-008	-1.2614e-008
127.85	1.8773e-008	-44.19	1.3461e-008	-1.3086e-008
129.22	1.8974e-008	-45.622	1.327e-008	-1.3561e-008
130.6	1.9176e-008	-47.069	1.3061e-008	-1.404e-008
131.99	1.9381e-008	-48.531	1.2835e-008	-1.4523e-008
133.4	1.9588e-008	-50.01	1.2589e-008	-1.5008e-008
134.82	1.9798e-008	-51.504	1.2323e-008	-1.5495e-008
136.26	2.0009e-008	-53.014	1.2038e-008	-1.5983e-008
137.72	2.0223e-008	-54.54	1.1732e-008	-1.6472e-008
139.19	2.0439e-008	-56.082	1.1405e-008	-1.6961e-008
140.67	2.0658e-008	-57.641	1.1056e-008	-1.745e-008
142.17	2.0878e-008	-59.217	1.0685e-008	-1.7937e-008
143.69	2.1101e-008	-60.81	1.0291e-008	-1.8422e-008
145.23	2.1327e-008	-62.419	9.8743e-009	-1.8903e-008
146.78	2.1555e-008	-64.046	9.4334e-009	-1.9381e-008
148.34	2.1785e-008	-65.69	8.9682e-009	-1.9854e-008
149.93	2.2018e-008	-67.352	8.4783e-009	-2.032e-008
151.53	2.2253e-008	-69.032	7.9633e-009	-2.078e-008
153.14	2.2491e-008	-70.73	7.4226e-009	-2.1231e-008
154.78	2.2732e-008	-72.446	6.8561e-009	-2.1673e-008
156.43	2.2975e-008	-74.18	6.2633e-009	-2.2104e-008
158.1	2.322e-008	-75.933	5.6439e-009	-2.2524e-008
159.79	2.3468e-008	-77.704	4.9977e-009	-2.293e-008
161.49	2.3719e-008	-79.495	4.3245e-009	-2.3321e-008
163.22	2.3972e-008	-81.305	3.6242e-009	-2.3697e-008
164.96	2.4229e-008	-83.134	2.8966e-009	-2.4055e-008
166.72	2.4488e-008	-84.982	2.1417e-009	-2.4394e-008
168.5	2.4749e-008	-86.851	1.3596e-009	-2.4712e-008
170.3	2.5014e-008	-88.739	5.5035e-010	-2.5008e-008
172.12	2.5281e-008	-90.648	-2.8587e-010	-2.5279e-008
173.95	2.5551e-008	-92.577	-1.1488e-009	-2.5525e-008
175.81	2.5824e-008	-94.527	-2.0381e-009	-2.5743e-008
177.69	2.6099e-008	-96.497	-2.9532e-009	-2.5932e-008
179.58	2.6378e-008	-98.489	-3.8938e-009	-2.6089e-008
181.5	2.666e-008	-100.5	-4.859e-009	-2.6213e-008
183.44	2.6944e-008	-102.54	-5.8483e-009	-2.6302e-008
185.4	2.7232e-008	-104.59	-6.8606e-009	-2.6354e-008
187.38	2.7523e-008	-106.67	-7.895e-009	-2.6366e-008
189.38	2.7816e-008	-108.77	-8.9504e-009	-2.6337e-008
191.4	2.8113e-008	-110.89	-1.0026e-008	-2.6265e-008
193.44	2.8413e-008	-113.04	-1.1119e-008	-2.6147e-008
195.51	2.8716e-008	-115.21	-1.2229e-008	-2.5982e-008
197.59	2.9022e-008	-117.4	-1.3355e-008	-2.5767e-008
199.7	2.9332e-008	-119.61	-1.4493e-008	-2.5501e-008
201.83	2.9645e-008	-121.85	-1.5643e-008	-2.5181e-008
203.99	2.9961e-008	-124.11	-1.6802e-008	-2.4806e-008
206.17	3.028e-008	-126.4	-1.7968e-008	-2.4373e-008
208.37	3.0603e-008	-128.71	-1.9138e-008	-2.3881e-008
210.59	3.093e-008	-131.04	-2.0309e-008	-2.3328e-008
212.84	3.1259e-008	-133.4	-2.1479e-008	-2.2711e-008
215.11	3.1593e-008	-135.79	-2.2644e-008	-2.203e-008
217.41	3.1929e-008	-138.2	-2.3801e-008	-2.1283e-008
219.73	3.227e-008	-140.63	-2.4948e-008	-2.0468e-008
222.07	3.2614e-008	-143.09	-2.6079e-008	-1.9584e-008
224.44	3.2961e-008	-145.58	-2.7191e-008	-1.863e-008
226.84	3.3313e-008	-148.1	-2.8281e-008	-1.7605e-008
229.26	3.3668e-008	-150.64	-2.9343e-008	-1.6508e-008
231.71	3.4027e-008	-153.21	-3.0374e-008	-1.5338e-008
234.18	3.439e-008	-155.8	-3.1368e-008	-1.4096e-008
236.68	3.4757e-008	-158.43	-3.2322e-008	-1.278e-008
239.21	3.5128e-008	-161.08	-3.3229e-008	-1.1392e-008
241.76	3.5502e-008	-163.76	-3.4085e-008	-9.9303e-009
244.34	3.5881e-008	-166.47	-3.4885e-008	-8.3973e-009
246.95	3.6264e-008	-169.2	-3.5622e-008	-6.7935e-009
249.59	3.6651e-008	-171.97	-3.6292e-008	-5.1203e-009
252.25	3.7042e-008	-174.77	-3.6888e-008	-3.3795e-009
254.94	3.7438e-008	-177.59	-3.7404e-008	-1.5733e-009
257.66	3.7837e-008	179.55	-3.7836e-008	2.9561e-010
260.41	3.8241e-008	176.67	-3.8176e-008	2.2242e-009
263.19	3.8649e-008	173.75	-3.8419e-008	4.209e-009
266.	3.9062e-008	170.8	-3.8559e-008	6.2459e-009
268.84	3.9479e-008	167.82	-3.859e-008	8.3304e-009
271.71	3.99e-008	164.81	-3.8506e-008	1.0457e-008
274.61	4.0326e-008	161.76	-3.83e-008	1.2621e-008
277.54	4.0757e-008	158.68	-3.7968e-008	1.4815e-008
280.51	4.1191e-008	155.57	-3.7505e-008	1.7033e-008
283.5	4.1631e-008	152.43	-3.6904e-008	1.9267e-008
286.53	4.2075e-008	149.25	-3.6161e-008	2.151e-008
289.59	4.2524e-008	146.04	-3.5272e-008	2.3752e-008
292.68	4.2977e-008	142.8	-3.4232e-008	2.5985e-008
295.8	4.3436e-008	139.52	-3.3038e-008	2.8199e-008
298.96	4.3899e-008	136.2	-3.1686e-008	3.0382e-008
302.15	4.4367e-008	132.85	-3.0175e-008	3.2525e-008
305.37	4.4839e-008	129.47	-2.8502e-008	3.4615e-008
308.63	4.5317e-008	126.05	-2.6666e-008	3.6641e-008
311.93	4.58e-008	122.59	-2.4667e-008	3.8589e-008
315.26	4.6288e-008	119.09	-2.2506e-008	4.0448e-008
318.62	4.6781e-008	115.56	-2.0184e-008	4.2202e-008
322.02	4.7279e-008	111.99	-1.7704e-008	4.3839e-008
325.46	4.7782e-008	108.38	-1.5069e-008	4.5344e-008
328.94	4.8291e-008	104.74	-1.2285e-008	4.6703e-008
332.45	4.8806e-008	101.05	-9.3562e-009	4.79e-008
336.	4.9326e-008	97.328	-6.2916e-009	4.8923e-008
339.58	4.9851e-008	93.564	-3.0993e-009	4.9755e-008
343.21	5.0383e-008	89.761	2.1048e-010	5.0382e-008
346.87	5.092e-008	85.916	3.6262e-009	5.079e-008
350.57	5.1463e-008	82.031	7.1347e-009	5.0966e-008
354.32	5.2011e-008	78.104	1.0721e-008	5.0894e-008
358.1	5.2566e-008	74.135	1.437e-008	5.0564e-008
361.92	5.3127e-008	70.124	1.8063e-008	4.9963e-008
365.78	5.3694e-008	66.07	2.178e-008	4.9079e-008
369.69	5.4268e-008	61.972	2.5501e-008	4.7903e-008
373.63	5.4847e-008	57.83	2.9202e-008	4.6427e-008
377.62	5.5433e-008	53.644	3.286e-008	4.4643e-008
381.65	5.6024e-008	49.413	3.6449e-008	4.2546e-008
385.73	5.6623e-008	45.137	3.9942e-008	4.0134e-008
389.85	5.7227e-008	40.815	4.3311e-008	3.7405e-008
394.01	5.7838e-008	36.446	4.6525e-008	3.436e-008
398.21	5.8455e-008	32.031	4.9555e-008	3.1003e-008
402.46	5.9078e-008	27.569	5.237e-008	2.7342e-008
406.76	5.9707e-008	23.059	5.4937e-008	2.3386e-008
411.1	6.0343e-008	18.5	5.7225e-008	1.9148e-008
415.49	6.0986e-008	13.893	5.9202e-008	1.4644e-008
419.92	6.1635e-008	9.2376	6.0835e-008	9.8942e-009
424.41	6.229e-008	4.5323	6.2095e-008	4.9222e-009
428.94	6.2952e-008	-0.22296	6.2952e-008	-2.4497e-010
433.52	6.3621e-008	-5.0287	6.3377e-008	-5.5767e-009
438.14	6.4298e-008	-9.8853	6.3343e-008	-1.1038e-008
442.82	6.4981e-008	-14.793	6.2827e-008	-1.6592e-008
447.55	6.5671e-008	-19.754	6.1807e-008	-2.2195e-008
452.32	6.6369e-008	-24.766	6.0265e-008	-2.7803e-008
457.15	6.7075e-008	-29.832	5.8186e-008	-3.3367e-008
462.03	6.7788e-008	-34.952	5.5561e-008	-3.8835e-008
466.96	6.8509e-008	-40.126	5.2384e-008	-4.4153e-008
471.95	6.9239e-008	-45.356	4.8654e-008	-4.9262e-008
476.99	6.9976e-008	-50.641	4.4377e-008	-5.4105e-008
482.08	7.0722e-008	-55.983	3.9564e-008	-5.8619e-008
487.22	7.1475e-008	-61.382	3.4234e-008	-6.2744e-008
492.43	7.2237e-008	-66.839	2.8412e-008	-6.6415e-008
497.68	7.3007e-008	-72.354	2.2131e-008	-6.9572e-008
502.99	7.3785e-008	-77.928	1.5431e-008	-7.2154e-008
508.36	7.4571e-008	-83.562	8.3612e-009	-7.4101e-008
513.79	7.5366e-008	-89.256	9.782e-010	-7.5359e-008
519.27	7.6168e-008	-95.011	-6.6531e-009	-7.5877e-008
524.82	7.6978e-008	-100.83	-1.446e-008	-7.5608e-008
530.42	7.7797e-008	-106.7	-2.2362e-008	-7.4514e-008
536.08	7.8624e-008	-112.64	-3.0271e-008	-7.2562e-008
541.8	7.9459e-008	-118.65	-3.8094e-008	-6.9732e-008
547.59	8.0304e-008	-124.71	-4.5731e-008	-6.601e-008
553.43	8.1158e-008	-130.84	-5.3078e-008	-6.1395e-008
559.34	8.2022e-008	-137.04	-6.0025e-008	-5.5897e-008
565.31	8.2895e-008	-143.3	-6.6464e-008	-4.954e-008
571.35	8.378e-008	-149.63	-7.2282e-008	-4.236e-008
577.44	8.4675e-008	-156.02	-7.7368e-008	-3.441e-008
583.61	8.5581e-008	-162.49	-8.1614e-008	-2.5754e-008
589.84	8.6498e-008	-169.02	-8.4914e-008	-1.6476e-008
596.13	8.7426e-008	-175.62	-8.7171e-008	-6.6727e-009
602.5	8.8364e-008	177.7	-8.8293e-008	3.5423e-009
608.93	8.9312e-008	170.96	-8.8202e-008	1.404e-008
615.43	9.027e-008	164.14	-8.6832e-008	2.4677e-008
622.	9.1238e-008	157.24	-8.4134e-008	3.5295e-008
628.64	9.2214e-008	150.27	-8.0079e-008	4.5724e-008
635.35	9.3198e-008	143.23	-7.4658e-008	5.5786e-008
642.13	9.4191e-008	136.12	-6.7886e-008	6.5294e-008
648.98	9.5192e-008	128.92	-5.9807e-008	7.4059e-008
655.91	9.6203e-008	121.66	-5.0489e-008	8.189e-008
662.91	9.7224e-008	114.31	-4.0028e-008	8.8601e-008
669.99	9.8256e-008	106.89	-2.8551e-008	9.4016e-008
677.14	9.93e-008	99.396	-1.6211e-008	9.7968e-008
684.37	1.0036e-007	91.82	-3.1868e-009	1.0031e-007
691.67	1.0143e-007	84.164	1.0314e-008	1.0091e-007
699.06	1.0252e-007	76.426	2.4062e-008	9.9658e-008
706.52	1.0363e-007	68.605	3.7802e-008	9.6485e-008
714.06	1.0475e-007	60.699	5.1263e-008	9.1345e-008
721.68	1.0588e-007	52.706	6.4154e-008	8.4232e-008
729.39	1.0703e-007	44.625	7.6173e-008	7.5183e-008
737.17	1.0818e-007	36.455	8.7015e-008	6.4283e-008
745.04	1.0935e-007	28.196	9.6375e-008	5.1668e-008
752.99	1.1052e-007	19.848	1.0396e-007	3.7526e-008
761.03	1.117e-007	11.41	1.095e-007	2.2099e-008
769.16	1.1289e-007	2.8839	1.1275e-007	5.6798e-009
777.37	1.1408e-007	-5.7309	1.1351e-007	-1.1392e-008
785.66	1.1528e-007	-14.434	1.1164e-007	-2.8737e-008
794.05	1.165e-007	-23.227	1.0706e-007	-4.5943e-008
802.53	1.1773e-007	-32.109	9.9718e-008	-6.2575e-008
811.09	1.1897e-007	-41.084	8.9674e-008	-7.8183e-008
819.75	1.2023e-007	-50.152	7.704e-008	-9.231e-008
828.5	1.2152e-007	-59.317	6.2008e-008	-1.0451e-007
837.35	1.2282e-007	-68.581	4.4852e-008	-1.1434e-007
846.28	1.2414e-007	-77.944	2.5928e-008	-1.214e-007
855.32	1.2547e-007	-87.409	5.6725e-009	-1.2534e-007
864.45	1.2681e-007	-96.975	-1.54e-008	-1.2587e-007
873.68	1.2817e-007	-106.64	-3.6707e-008	-1.228e-007
883.	1.2953e-007	-116.41	-5.7619e-008	-1.1601e-007
892.43	1.3091e-007	-126.28	-7.747e-008	-1.0553e-007
901.95	1.3231e-007	-136.25	-9.5585e-008	-9.1488e-008
911.58	1.3373e-007	-146.33	-1.113e-007	-7.414e-008
921.31	1.3518e-007	-156.51	-1.2398e-007	-5.387e-008
931.15	1.3664e-007	-166.81	-1.3304e-007	-3.1183e-008
941.09	1.3813e-007	-177.22	-1.3797e-007	-6.7105e-009
951.13	1.3963e-007	172.26	-1.3836e-007	1.88e-008
961.28	1.4114e-007	161.62	-1.3394e-007	4.4493e-008
971.54	1.4265e-007	150.87	-1.2461e-007	6.9432e-008
981.92	1.4415e-007	140.01	-1.1044e-007	9.2633e-008
992.4	1.4565e-007	129.05	-9.1753e-008	1.1312e-007
1003.	1.4718e-007	117.97	-6.9037e-008	1.2998e-007
1013.7	1.4873e-007	106.8	-4.2986e-008	1.4238e-007
1024.5	1.5034e-007	95.514	-1.4446e-008	1.4965e-007
1035.5	1.5202e-007	84.109	1.5604e-008	1.5122e-007
1046.5	1.5378e-007	72.572	4.6056e-008	1.4672e-007
1057.7	1.5558e-007	60.893	7.5681e-008	1.3593e-007
1069.	1.5741e-007	49.063	1.0314e-007	1.1891e-007
1080.4	1.5921e-007	37.083	1.2701e-007	9.5999e-008
1091.9	1.6096e-007	24.961	1.4592e-007	6.7926e-008
1103.6	1.6263e-007	12.714	1.5864e-007	3.5792e-008
1115.3	1.6423e-007	0.35805	1.6422e-007	1.0263e-009
1127.3	1.6579e-007	-12.093	1.6211e-007	-3.4735e-008
1139.3	1.6738e-007	-24.637	1.5215e-007	-6.9776e-008
1151.4	1.6906e-007	-37.281	1.3451e-007	-1.024e-007
1163.7	1.7085e-007	-50.046	1.0972e-007	-1.3097e-007
1176.2	1.7277e-007	-62.954	7.8562e-008	-1.5388e-007
1188.7	1.7478e-007	-76.023	4.2216e-008	-1.696e-007
1201.4	1.7681e-007	-89.259	2.2852e-009	-1.7679e-007
1214.2	1.788e-007	-102.65	-3.9169e-008	-1.7445e-007
1227.2	1.8072e-007	-116.19	-7.9752e-008	-1.6217e-007
1240.3	1.826e-007	-129.84	-1.1697e-007	-1.4021e-007
1253.5	1.8451e-007	-143.59	-1.485e-007	-1.0951e-007
1266.9	1.8655e-007	-157.47	-1.7231e-007	-7.1487e-008
1280.4	1.8876e-007	-171.48	-1.8668e-007	-2.7951e-008
1294.1	1.9113e-007	174.32	-1.902e-007	1.8913e-008
1307.9	1.9358e-007	159.93	-1.8182e-007	6.6443e-008
1321.9	1.9598e-007	145.33	-1.6118e-007	1.1148e-007
1336.	1.9822e-007	130.57	-1.2891e-007	1.5058e-007
1350.2	2.0031e-007	115.67	-8.6771e-008	1.8054e-007
1364.7	2.0234e-007	100.67	-3.7475e-008	1.9884e-007
1379.2	2.0449e-007	85.572	1.5787e-008	2.0388e-007
1393.9	2.0688e-007	70.331	6.9631e-008	1.9481e-007
1408.8	2.0949e-007	54.897	1.2047e-007	1.7138e-007
1423.9	2.1216e-007	39.232	1.6434e-007	1.3419e-007
1439.1	2.1468e-007	23.347	1.9711e-007	8.5078e-008
1454.4	2.169e-007	7.2968	2.1515e-007	2.7549e-008
1470.	2.189e-007	-8.8482	2.1629e-007	-3.367e-008
1485.6	2.2093e-007	-25.058	2.0014e-007	-9.3571e-008
1501.5	2.233e-007	-41.37	1.6758e-007	-1.4759e-007
1517.5	2.2611e-007	-57.876	1.2023e-007	-1.9149e-007
1533.7	2.291e-007	-74.65	6.0645e-008	-2.2093e-007
1550.1	2.3185e-007	-91.689	-6.8335e-009	-2.3175e-007
1566.6	2.3405e-007	-108.89	-7.5757e-008	-2.2145e-007
1583.4	2.3593e-007	-126.1	-1.3901e-007	-1.9063e-007
1600.3	2.3817e-007	-143.28	-1.9092e-007	-1.4239e-007
1617.4	2.4152e-007	-160.55	-2.2774e-007	-8.0432e-008
1634.6	2.4619e-007	-178.14	-2.4606e-007	-7.9905e-009
1652.1	2.5146e-007	163.72	-2.4137e-007	7.0504e-008
1669.7	2.5584e-007	145.01	-2.096e-007	1.4672e-007
1687.5	2.5814e-007	126.01	-1.5177e-007	2.0881e-007
1705.5	2.5851e-007	107.14	-7.618e-008	2.4703e-007
1723.7	2.5863e-007	88.632	6.1729e-009	2.5856e-007
1742.1	2.6049e-007	70.362	8.7544e-008	2.4534e-007
1760.7	2.6506e-007	51.906	1.6353e-007	2.086e-007
1779.5	2.7163e-007	32.813	2.2829e-007	1.472e-007
1798.5	2.7805e-007	12.915	2.7102e-007	6.2146e-008
1817.7	2.8212e-007	-7.5251	2.7969e-007	-3.6947e-008
1837.1	2.8348e-007	-28.013	2.5027e-007	-1.3314e-007
1856.7	2.8372e-007	-48.254	1.8891e-007	-2.1169e-007
1876.6	2.8455e-007	-68.335	1.0505e-007	-2.6445e-007
1896.6	2.8631e-007	-88.486	7.563e-009	-2.8621e-007
1916.8	2.8847e-007	-108.76	-9.276e-008	-2.7315e-007
1937.3	2.9134e-007	-129.02	-1.8341e-007	-2.2636e-007
1958.	2.9662e-007	-149.33	-2.5512e-007	-1.5132e-007
1978.9	3.0537e-007	-170.22	-3.0094e-007	-5.1853e-008
2000.	3.1495e-007	167.66	-3.0767e-007	6.7312e-008
