Frequency (Hz)	Amplitude (MPa)	Phase Angle (deg)	Real (MPa)	Imaginary (MPa)
10.	1.2658e-008	88.782	2.6908e-010	1.2655e-008
10.107	1.2793e-008	88.769	2.7486e-010	1.279e-008
10.215	1.2929e-008	88.756	2.8076e-010	1.2926e-008
10.324	1.3067e-008	88.742	2.8678e-010	1.3064e-008
10.434	1.3207e-008	88.729	2.9293e-010	1.3203e-008
10.545	1.3348e-008	88.715	2.9922e-010	1.3344e-008
10.658	1.349e-008	88.702	3.0564e-010	1.3487e-008
10.772	1.3634e-008	88.688	3.122e-010	1.363e-008
10.887	1.3779e-008	88.674	3.189e-010	1.3776e-008
11.003	1.3926e-008	88.66	3.2574e-010	1.3923e-008
11.12	1.4075e-008	88.645	3.3273e-010	1.4071e-008
11.239	1.4225e-008	88.631	3.3987e-010	1.4221e-008
11.359	1.4377e-008	88.616	3.4716e-010	1.4373e-008
11.48	1.4531e-008	88.602	3.5461e-010	1.4526e-008
11.603	1.4686e-008	88.587	3.6222e-010	1.4681e-008
11.727	1.4842e-008	88.572	3.6999e-010	1.4838e-008
11.852	1.5001e-008	88.556	3.7793e-010	1.4996e-008
11.978	1.5161e-008	88.541	3.8604e-010	1.5156e-008
12.106	1.5322e-008	88.525	3.9432e-010	1.5317e-008
12.235	1.5486e-008	88.51	4.0278e-010	1.5481e-008
12.366	1.5651e-008	88.494	4.1142e-010	1.5646e-008
12.498	1.5818e-008	88.478	4.2025e-010	1.5813e-008
12.631	1.5987e-008	88.461	4.2927e-010	1.5981e-008
12.766	1.6158e-008	88.445	4.3848e-010	1.6152e-008
12.902	1.633e-008	88.428	4.4789e-010	1.6324e-008
13.04	1.6504e-008	88.412	4.575e-010	1.6498e-008
13.179	1.668e-008	88.395	4.6731e-010	1.6674e-008
13.32	1.6858e-008	88.377	4.7734e-010	1.6852e-008
13.462	1.7038e-008	88.36	4.8758e-010	1.7031e-008
13.606	1.722e-008	88.343	4.9804e-010	1.7213e-008
13.751	1.7404e-008	88.325	5.0872e-010	1.7396e-008
13.898	1.7589e-008	88.307	5.1964e-010	1.7582e-008
14.046	1.7777e-008	88.289	5.3079e-010	1.7769e-008
14.196	1.7967e-008	88.271	5.4217e-010	1.7959e-008
14.348	1.8158e-008	88.252	5.5381e-010	1.815e-008
14.501	1.8352e-008	88.234	5.6569e-010	1.8343e-008
14.656	1.8548e-008	88.215	5.7782e-010	1.8539e-008
14.812	1.8746e-008	88.196	5.9022e-010	1.8737e-008
14.97	1.8946e-008	88.176	6.0288e-010	1.8936e-008
15.13	1.9148e-008	88.157	6.1581e-010	1.9138e-008
15.292	1.9352e-008	88.137	6.2903e-010	1.9342e-008
15.455	1.9559e-008	88.117	6.4252e-010	1.9548e-008
15.62	1.9767e-008	88.097	6.563e-010	1.9756e-008
15.786	1.9978e-008	88.077	6.7038e-010	1.9967e-008
15.955	2.0191e-008	88.057	6.8476e-010	2.018e-008
16.125	2.0407e-008	88.036	6.9945e-010	2.0395e-008
16.297	2.0624e-008	88.015	7.1445e-010	2.0612e-008
16.471	2.0844e-008	87.994	7.2978e-010	2.0832e-008
16.647	2.1067e-008	87.972	7.4543e-010	2.1054e-008
16.825	2.1292e-008	87.951	7.6142e-010	2.1278e-008
17.005	2.1519e-008	87.929	7.7776e-010	2.1505e-008
17.186	2.1748e-008	87.907	7.9444e-010	2.1734e-008
17.369	2.198e-008	87.884	8.1148e-010	2.1965e-008
17.555	2.2215e-008	87.862	8.2888e-010	2.2199e-008
17.742	2.2452e-008	87.839	8.4666e-010	2.2436e-008
17.932	2.2691e-008	87.816	8.6482e-010	2.2675e-008
18.123	2.2933e-008	87.792	8.8337e-010	2.2916e-008
18.317	2.3178e-008	87.769	9.0232e-010	2.316e-008
18.512	2.3425e-008	87.745	9.2167e-010	2.3407e-008
18.71	2.3675e-008	87.721	9.4144e-010	2.3656e-008
18.909	2.3927e-008	87.697	9.6163e-010	2.3908e-008
19.111	2.4182e-008	87.672	9.8225e-010	2.4162e-008
19.315	2.444e-008	87.647	1.0033e-009	2.442e-008
19.521	2.4701e-008	87.622	1.0248e-009	2.468e-008
19.73	2.4964e-008	87.597	1.0468e-009	2.4942e-008
19.94	2.5231e-008	87.571	1.0693e-009	2.5208e-008
20.153	2.55e-008	87.545	1.0922e-009	2.5476e-008
20.368	2.5772e-008	87.519	1.1156e-009	2.5747e-008
20.586	2.6046e-008	87.493	1.1395e-009	2.6021e-008
20.806	2.6324e-008	87.466	1.164e-009	2.6298e-008
21.028	2.6605e-008	87.439	1.1889e-009	2.6578e-008
21.252	2.6889e-008	87.411	1.2144e-009	2.6861e-008
21.479	2.7175e-008	87.384	1.2405e-009	2.7147e-008
21.708	2.7465e-008	87.356	1.2671e-009	2.7436e-008
21.94	2.7758e-008	87.328	1.2942e-009	2.7728e-008
22.174	2.8054e-008	87.299	1.322e-009	2.8023e-008
22.411	2.8353e-008	87.27	1.3503e-009	2.8321e-008
22.65	2.8655e-008	87.241	1.3793e-009	2.8622e-008
22.892	2.8961e-008	87.212	1.4088e-009	2.8926e-008
23.136	2.9269e-008	87.182	1.439e-009	2.9234e-008
23.383	2.9581e-008	87.152	1.4699e-009	2.9545e-008
23.633	2.9897e-008	87.121	1.5014e-009	2.9859e-008
23.885	3.0215e-008	87.091	1.5336e-009	3.0177e-008
24.14	3.0538e-008	87.06	1.5665e-009	3.0497e-008
24.398	3.0863e-008	87.028	1.6e-009	3.0822e-008
24.658	3.1192e-008	86.997	1.6343e-009	3.1149e-008
24.921	3.1524e-008	86.965	1.6694e-009	3.148e-008
25.187	3.186e-008	86.932	1.7051e-009	3.1815e-008
25.456	3.22e-008	86.899	1.7417e-009	3.2153e-008
25.728	3.2543e-008	86.866	1.779e-009	3.2495e-008
26.003	3.289e-008	86.833	1.8171e-009	3.284e-008
26.28	3.3241e-008	86.799	1.8561e-009	3.3189e-008
26.561	3.3595e-008	86.765	1.8959e-009	3.3541e-008
26.844	3.3953e-008	86.73	1.9365e-009	3.3897e-008
27.131	3.4315e-008	86.695	1.978e-009	3.4257e-008
27.42	3.468e-008	86.66	2.0204e-009	3.4621e-008
27.713	3.505e-008	86.625	2.0637e-009	3.4989e-008
28.009	3.5423e-008	86.589	2.1079e-009	3.536e-008
28.308	3.58e-008	86.552	2.1531e-009	3.5736e-008
28.61	3.6182e-008	86.515	2.1992e-009	3.6115e-008
28.915	3.6567e-008	86.478	2.2463e-009	3.6498e-008
29.224	3.6957e-008	86.441	2.2944e-009	3.6886e-008
29.536	3.7351e-008	86.403	2.3436e-009	3.7277e-008
29.851	3.7748e-008	86.364	2.3938e-009	3.7672e-008
30.17	3.815e-008	86.325	2.4451e-009	3.8072e-008
30.492	3.8557e-008	86.286	2.4974e-009	3.8476e-008
30.817	3.8967e-008	86.247	2.5509e-009	3.8884e-008
31.146	3.9382e-008	86.206	2.6056e-009	3.9296e-008
31.479	3.9802e-008	86.166	2.6614e-009	3.9713e-008
31.815	4.0226e-008	86.125	2.7184e-009	4.0134e-008
32.154	4.0654e-008	86.084	2.7766e-009	4.0559e-008
32.498	4.1087e-008	86.042	2.836e-009	4.0989e-008
32.845	4.1524e-008	86.	2.8968e-009	4.1423e-008
33.195	4.1966e-008	85.957	2.9588e-009	4.1862e-008
33.55	4.2413e-008	85.914	3.0221e-009	4.2305e-008
33.908	4.2864e-008	85.87	3.0868e-009	4.2753e-008
34.27	4.3321e-008	85.826	3.1529e-009	4.3206e-008
34.635	4.3782e-008	85.782	3.2204e-009	4.3663e-008
35.005	4.4248e-008	85.737	3.2894e-009	4.4125e-008
35.379	4.4719e-008	85.691	3.3598e-009	4.4592e-008
35.756	4.5195e-008	85.645	3.4317e-009	4.5064e-008
36.138	4.5675e-008	85.599	3.5051e-009	4.5541e-008
36.524	4.6161e-008	85.552	3.5801e-009	4.6022e-008
36.914	4.6653e-008	85.504	3.6568e-009	4.6509e-008
37.308	4.7149e-008	85.456	3.735e-009	4.7001e-008
37.706	4.765e-008	85.408	3.8149e-009	4.7498e-008
38.108	4.8157e-008	85.359	3.8966e-009	4.7999e-008
38.515	4.867e-008	85.309	3.9799e-009	4.8507e-008
38.926	4.9187e-008	85.259	4.0651e-009	4.9019e-008
39.342	4.971e-008	85.209	4.152e-009	4.9537e-008
39.762	5.0239e-008	85.158	4.2408e-009	5.006e-008
40.186	5.0773e-008	85.106	4.3315e-009	5.0588e-008
40.615	5.1313e-008	85.054	4.4242e-009	5.1122e-008
41.049	5.1858e-008	85.001	4.5188e-009	5.1661e-008
41.487	5.241e-008	84.948	4.6154e-009	5.2206e-008
41.93	5.2967e-008	84.894	4.7141e-009	5.2757e-008
42.377	5.353e-008	84.839	4.8149e-009	5.3313e-008
42.83	5.4099e-008	84.784	4.9178e-009	5.3875e-008
43.287	5.4673e-008	84.729	5.0229e-009	5.4442e-008
43.749	5.5254e-008	84.673	5.1303e-009	5.5016e-008
44.216	5.5841e-008	84.616	5.2399e-009	5.5595e-008
44.688	5.6435e-008	84.558	5.3519e-009	5.618e-008
45.165	5.7034e-008	84.5	5.4662e-009	5.6771e-008
45.647	5.764e-008	84.442	5.583e-009	5.7369e-008
46.134	5.8252e-008	84.382	5.7023e-009	5.7972e-008
46.627	5.887e-008	84.322	5.8241e-009	5.8582e-008
47.125	5.9495e-008	84.262	5.9485e-009	5.9197e-008
47.628	6.0127e-008	84.201	6.0755e-009	5.9819e-008
48.136	6.0765e-008	84.139	6.2053e-009	6.0448e-008
48.65	6.141e-008	84.076	6.3378e-009	6.1082e-008
49.169	6.2062e-008	84.013	6.4731e-009	6.1723e-008
49.694	6.272e-008	83.949	6.6113e-009	6.2371e-008
50.224	6.3386e-008	83.885	6.7524e-009	6.3025e-008
50.761	6.4058e-008	83.82	6.8965e-009	6.3686e-008
51.302	6.4738e-008	83.754	7.0436e-009	6.4353e-008
51.85	6.5424e-008	83.687	7.1939e-009	6.5027e-008
52.403	6.6118e-008	83.62	7.3474e-009	6.5708e-008
52.963	6.6819e-008	83.552	7.5041e-009	6.6396e-008
53.528	6.7527e-008	83.483	7.6642e-009	6.7091e-008
54.1	6.8243e-008	83.414	7.8276e-009	6.7793e-008
54.677	6.8966e-008	83.343	7.9945e-009	6.8501e-008
55.261	6.9697e-008	83.272	8.1649e-009	6.9217e-008
55.851	7.0435e-008	83.201	8.339e-009	6.994e-008
56.447	7.1181e-008	83.128	8.5167e-009	7.067e-008
57.049	7.1935e-008	83.055	8.6982e-009	7.1407e-008
57.658	7.2697e-008	82.981	8.8835e-009	7.2152e-008
58.274	7.3467e-008	82.906	9.0728e-009	7.2904e-008
58.896	7.4244e-008	82.831	9.266e-009	7.3664e-008
59.524	7.503e-008	82.754	9.4633e-009	7.4431e-008
60.16	7.5824e-008	82.677	9.6648e-009	7.5205e-008
60.802	7.6626e-008	82.599	9.8705e-009	7.5988e-008
61.451	7.7437e-008	82.52	1.0081e-008	7.6778e-008
62.107	7.8255e-008	82.44	1.0295e-008	7.7575e-008
62.77	7.9083e-008	82.36	1.0514e-008	7.8381e-008
63.44	7.9919e-008	82.278	1.0738e-008	7.9194e-008
64.117	8.0763e-008	82.196	1.0966e-008	8.0015e-008
64.802	8.1617e-008	82.113	1.1199e-008	8.0845e-008
65.493	8.2479e-008	82.029	1.1437e-008	8.1682e-008
66.192	8.335e-008	81.944	1.1681e-008	8.2528e-008
66.899	8.423e-008	81.858	1.1929e-008	8.3381e-008
67.613	8.5119e-008	81.772	1.2182e-008	8.4243e-008
68.335	8.6018e-008	81.684	1.2441e-008	8.5113e-008
69.064	8.6925e-008	81.595	1.2705e-008	8.5992e-008
69.801	8.7842e-008	81.506	1.2975e-008	8.6879e-008
70.547	8.8769e-008	81.415	1.325e-008	8.7774e-008
71.3	8.9705e-008	81.324	1.3532e-008	8.8678e-008
72.061	9.065e-008	81.232	1.3819e-008	8.9591e-008
72.83	9.1606e-008	81.138	1.4112e-008	9.0512e-008
73.607	9.2571e-008	81.044	1.4411e-008	9.1442e-008
74.393	9.3546e-008	80.949	1.4716e-008	9.2381e-008
75.187	9.4531e-008	80.852	1.5028e-008	9.3328e-008
75.99	9.5526e-008	80.755	1.5347e-008	9.4285e-008
76.801	9.6531e-008	80.657	1.5672e-008	9.525e-008
77.621	9.7546e-008	80.557	1.6004e-008	9.6225e-008
78.449	9.8572e-008	80.457	1.6343e-008	9.7208e-008
79.287	9.9608e-008	80.355	1.6689e-008	9.8201e-008
80.133	1.0066e-007	80.252	1.7042e-008	9.9202e-008
80.988	1.0171e-007	80.149	1.7402e-008	1.0021e-007
81.853	1.0278e-007	80.044	1.777e-008	1.0123e-007
82.727	1.0386e-007	79.938	1.8146e-008	1.0226e-007
83.61	1.0495e-007	79.831	1.8529e-008	1.033e-007
84.502	1.0605e-007	79.723	1.8921e-008	1.0435e-007
85.404	1.0716e-007	79.614	1.932e-008	1.0541e-007
86.316	1.0829e-007	79.503	1.9728e-008	1.0647e-007
87.237	1.0942e-007	79.391	2.0144e-008	1.0755e-007
88.168	1.1057e-007	79.279	2.0569e-008	1.0864e-007
89.11	1.1173e-007	79.165	2.1003e-008	1.0973e-007
90.061	1.129e-007	79.049	2.1446e-008	1.1084e-007
91.022	1.1408e-007	78.933	2.1898e-008	1.1196e-007
91.994	1.1527e-007	78.815	2.2359e-008	1.1308e-007
92.976	1.1647e-007	78.696	2.283e-008	1.1422e-007
93.968	1.1769e-007	78.576	2.331e-008	1.1536e-007
94.971	1.1892e-007	78.455	2.3801e-008	1.1651e-007
95.985	1.2016e-007	78.332	2.4301e-008	1.1768e-007
97.01	1.2142e-007	78.208	2.4812e-008	1.1885e-007
98.045	1.2268e-007	78.083	2.5333e-008	1.2004e-007
99.092	1.2396e-007	77.956	2.5866e-008	1.2123e-007
100.15	1.2525e-007	77.828	2.6409e-008	1.2244e-007
101.22	1.2656e-007	77.699	2.6963e-008	1.2365e-007
102.3	1.2787e-007	77.568	2.7528e-008	1.2488e-007
103.39	1.292e-007	77.436	2.8105e-008	1.2611e-007
104.49	1.3055e-007	77.303	2.8694e-008	1.2735e-007
105.61	1.319e-007	77.168	2.9295e-008	1.2861e-007
106.74	1.3327e-007	77.032	2.9909e-008	1.2987e-007
107.88	1.3466e-007	76.894	3.0534e-008	1.3115e-007
109.03	1.3605e-007	76.755	3.1173e-008	1.3243e-007
110.19	1.3746e-007	76.614	3.1824e-008	1.3373e-007
111.37	1.3889e-007	76.472	3.2489e-008	1.3503e-007
112.56	1.4033e-007	76.328	3.3167e-008	1.3635e-007
113.76	1.4178e-007	76.183	3.3859e-008	1.3767e-007
114.97	1.4324e-007	76.036	3.4566e-008	1.3901e-007
116.2	1.4472e-007	75.888	3.5286e-008	1.4035e-007
117.44	1.4622e-007	75.738	3.6021e-008	1.4171e-007
118.69	1.4772e-007	75.587	3.6771e-008	1.4308e-007
119.96	1.4925e-007	75.434	3.7535e-008	1.4445e-007
121.24	1.5078e-007	75.279	3.8316e-008	1.4584e-007
122.54	1.5234e-007	75.123	3.9112e-008	1.4723e-007
123.84	1.539e-007	74.965	3.9924e-008	1.4863e-007
125.17	1.5548e-007	74.806	4.0752e-008	1.5005e-007
126.5	1.5708e-007	74.644	4.1597e-008	1.5147e-007
127.85	1.5869e-007	74.481	4.2458e-008	1.5291e-007
129.22	1.6032e-007	74.317	4.3337e-008	1.5435e-007
130.6	1.6196e-007	74.15	4.4233e-008	1.558e-007
131.99	1.6362e-007	73.982	4.5147e-008	1.5727e-007
133.4	1.6529e-007	73.813	4.608e-008	1.5874e-007
134.82	1.6698e-007	73.641	4.703e-008	1.6022e-007
136.26	1.6868e-007	73.467	4.8e-008	1.6171e-007
137.72	1.704e-007	73.292	4.8988e-008	1.6321e-007
139.19	1.7213e-007	73.115	4.9996e-008	1.6471e-007
140.67	1.7388e-007	72.936	5.1024e-008	1.6623e-007
142.17	1.7565e-007	72.755	5.2072e-008	1.6775e-007
143.69	1.7743e-007	72.573	5.3141e-008	1.6929e-007
145.23	1.7923e-007	72.388	5.423e-008	1.7083e-007
146.78	1.8104e-007	72.201	5.534e-008	1.7238e-007
148.34	1.8288e-007	72.013	5.6472e-008	1.7394e-007
149.93	1.8472e-007	71.822	5.7626e-008	1.755e-007
151.53	1.8658e-007	71.63	5.8802e-008	1.7708e-007
153.14	1.8846e-007	71.436	6.0001e-008	1.7866e-007
154.78	1.9036e-007	71.239	6.1223e-008	1.8025e-007
156.43	1.9227e-007	71.041	6.2468e-008	1.8184e-007
158.1	1.942e-007	70.84	6.3737e-008	1.8344e-007
159.79	1.9615e-007	70.638	6.503e-008	1.8505e-007
161.49	1.9811e-007	70.433	6.6348e-008	1.8667e-007
163.22	2.0009e-007	70.226	6.769e-008	1.8829e-007
164.96	2.0208e-007	70.018	6.9058e-008	1.8992e-007
166.72	2.0409e-007	69.807	7.0451e-008	1.9155e-007
168.5	2.0612e-007	69.593	7.1871e-008	1.9319e-007
170.3	2.0817e-007	69.378	7.3317e-008	1.9483e-007
172.12	2.1023e-007	69.161	7.479e-008	1.9648e-007
173.95	2.1231e-007	68.941	7.629e-008	1.9813e-007
175.81	2.1441e-007	68.719	7.7818e-008	1.9979e-007
177.69	2.1652e-007	68.495	7.9374e-008	2.0145e-007
179.58	2.1865e-007	68.268	8.0958e-008	2.0311e-007
181.5	2.208e-007	68.04	8.2571e-008	2.0478e-007
183.44	2.2297e-007	67.809	8.4214e-008	2.0645e-007
185.4	2.2515e-007	67.575	8.5887e-008	2.0812e-007
187.38	2.2735e-007	67.34	8.7589e-008	2.098e-007
189.38	2.2956e-007	67.102	8.9322e-008	2.1147e-007
191.4	2.318e-007	66.861	9.1087e-008	2.1315e-007
193.44	2.3405e-007	66.618	9.2882e-008	2.1483e-007
195.51	2.3631e-007	66.373	9.471e-008	2.165e-007
197.59	2.386e-007	66.125	9.657e-008	2.1818e-007
199.7	2.409e-007	65.875	9.8463e-008	2.1986e-007
201.83	2.4322e-007	65.622	1.0039e-007	2.2153e-007
203.99	2.4555e-007	65.367	1.0235e-007	2.2321e-007
206.17	2.4791e-007	65.109	1.0434e-007	2.2488e-007
208.37	2.5028e-007	64.849	1.0637e-007	2.2655e-007
210.59	2.5266e-007	64.586	1.0843e-007	2.2821e-007
212.84	2.5507e-007	64.32	1.1053e-007	2.2987e-007
215.11	2.5749e-007	64.052	1.1267e-007	2.3153e-007
217.41	2.5992e-007	63.781	1.1484e-007	2.3318e-007
219.73	2.6238e-007	63.507	1.1704e-007	2.3482e-007
222.07	2.6484e-007	63.23	1.1929e-007	2.3646e-007
224.44	2.6733e-007	62.951	1.2157e-007	2.3809e-007
226.84	2.6983e-007	62.669	1.2389e-007	2.3971e-007
229.26	2.7235e-007	62.384	1.2625e-007	2.4132e-007
231.71	2.7488e-007	62.096	1.2864e-007	2.4292e-007
234.18	2.7743e-007	61.805	1.3108e-007	2.4451e-007
236.68	2.7999e-007	61.511	1.3355e-007	2.4609e-007
239.21	2.8257e-007	61.215	1.3607e-007	2.4766e-007
241.76	2.8517e-007	60.915	1.3862e-007	2.4921e-007
244.34	2.8778e-007	60.612	1.4122e-007	2.5075e-007
246.95	2.904e-007	60.307	1.4385e-007	2.5227e-007
249.59	2.9304e-007	59.998	1.4653e-007	2.5377e-007
252.25	2.9569e-007	59.686	1.4924e-007	2.5526e-007
254.94	2.9835e-007	59.371	1.52e-007	2.5672e-007
257.66	3.0103e-007	59.053	1.548e-007	2.5817e-007
260.41	3.0371e-007	58.732	1.5764e-007	2.596e-007
263.19	3.0642e-007	58.407	1.6052e-007	2.61e-007
266.	3.0913e-007	58.08	1.6345e-007	2.6238e-007
268.84	3.1185e-007	57.749	1.6641e-007	2.6374e-007
271.71	3.1459e-007	57.415	1.6942e-007	2.6507e-007
274.61	3.1733e-007	57.078	1.7247e-007	2.6637e-007
277.54	3.2009e-007	56.738	1.7556e-007	2.6765e-007
280.51	3.2285e-007	56.395	1.7869e-007	2.6889e-007
283.5	3.2563e-007	56.048	1.8186e-007	2.7011e-007
286.53	3.2841e-007	55.698	1.8508e-007	2.7129e-007
289.59	3.312e-007	55.345	1.8833e-007	2.7244e-007
292.68	3.34e-007	54.989	1.9163e-007	2.7356e-007
295.8	3.3681e-007	54.63	1.9496e-007	2.7464e-007
298.96	3.3962e-007	54.267	1.9834e-007	2.7569e-007
302.15	3.4244e-007	53.901	2.0176e-007	2.7669e-007
305.37	3.4527e-007	53.532	2.0522e-007	2.7766e-007
308.63	3.481e-007	53.16	2.0871e-007	2.7859e-007
311.93	3.5094e-007	52.784	2.1225e-007	2.7947e-007
315.26	3.5378e-007	52.405	2.1583e-007	2.8031e-007
318.62	3.5662e-007	52.023	2.1944e-007	2.8111e-007
322.02	3.5947e-007	51.638	2.231e-007	2.8186e-007
325.46	3.6232e-007	51.249	2.2679e-007	2.8256e-007
328.94	3.6518e-007	50.856	2.3052e-007	2.8322e-007
332.45	3.6803e-007	50.46	2.3429e-007	2.8382e-007
336.	3.7089e-007	50.061	2.381e-007	2.8437e-007
339.58	3.7374e-007	49.658	2.4194e-007	2.8487e-007
343.21	3.766e-007	49.251	2.4582e-007	2.853e-007
346.87	3.7945e-007	48.841	2.4974e-007	2.8568e-007
350.57	3.823e-007	48.427	2.5369e-007	2.86e-007
354.32	3.8515e-007	48.009	2.5767e-007	2.8626e-007
358.1	3.8799e-007	47.587	2.6169e-007	2.8646e-007
361.92	3.9083e-007	47.162	2.6573e-007	2.8658e-007
365.78	3.9365e-007	46.732	2.6981e-007	2.8664e-007
369.69	3.9647e-007	46.299	2.7392e-007	2.8663e-007
373.63	3.9927e-007	45.862	2.7805e-007	2.8654e-007
377.62	4.0206e-007	45.421	2.822e-007	2.8638e-007
381.65	4.0484e-007	44.977	2.8638e-007	2.8615e-007
385.73	4.076e-007	44.529	2.9058e-007	2.8584e-007
389.85	4.1035e-007	44.077	2.948e-007	2.8545e-007
394.01	4.1307e-007	43.621	2.9903e-007	2.8497e-007
398.21	4.1578e-007	43.162	3.0328e-007	2.8442e-007
402.46	4.1846e-007	42.7	3.0753e-007	2.8378e-007
406.76	4.2112e-007	42.234	3.118e-007	2.8306e-007
411.1	4.2376e-007	41.765	3.1607e-007	2.8226e-007
415.49	4.2637e-007	41.293	3.2035e-007	2.8137e-007
419.92	4.2896e-007	40.818	3.2463e-007	2.8039e-007
424.41	4.3152e-007	40.34	3.2891e-007	2.7933e-007
428.94	4.3405e-007	39.859	3.3319e-007	2.7818e-007
433.52	4.3655e-007	39.375	3.3746e-007	2.7694e-007
438.14	4.3903e-007	38.887	3.4173e-007	2.7562e-007
442.82	4.4147e-007	38.397	3.4599e-007	2.742e-007
447.55	4.4388e-007	37.903	3.5025e-007	2.7269e-007
452.32	4.4626e-007	37.406	3.5449e-007	2.7109e-007
457.15	4.4861e-007	36.906	3.5872e-007	2.6939e-007
462.03	4.5092e-007	36.402	3.6293e-007	2.676e-007
466.96	4.5319e-007	35.895	3.6712e-007	2.6571e-007
471.95	4.5542e-007	35.384	3.7129e-007	2.6371e-007
476.99	4.576e-007	34.87	3.7544e-007	2.6162e-007
482.08	4.5974e-007	34.352	3.7955e-007	2.5942e-007
487.22	4.6182e-007	33.83	3.8363e-007	2.5711e-007
492.43	4.6385e-007	33.305	3.8767e-007	2.547e-007
497.68	4.6582e-007	32.777	3.9165e-007	2.5218e-007
502.99	4.6773e-007	32.246	3.9559e-007	2.4956e-007
508.36	4.6957e-007	31.712	3.9947e-007	2.4683e-007
513.79	4.7135e-007	31.176	4.0328e-007	2.44e-007
519.27	4.7306e-007	30.638	4.0702e-007	2.4108e-007
524.82	4.747e-007	30.098	4.1069e-007	2.3805e-007
530.42	4.7626e-007	29.557	4.1428e-007	2.3494e-007
536.08	4.7776e-007	29.015	4.1779e-007	2.3173e-007
541.8	4.7918e-007	28.473	4.2122e-007	2.2844e-007
547.59	4.8053e-007	27.929	4.2456e-007	2.2507e-007
553.43	4.8182e-007	27.386	4.2782e-007	2.2163e-007
559.34	4.8304e-007	26.841	4.31e-007	2.181e-007
565.31	4.8419e-007	26.296	4.3408e-007	2.145e-007
571.35	4.8527e-007	25.75	4.3708e-007	2.1082e-007
577.44	4.8628e-007	25.202	4.3999e-007	2.0706e-007
583.61	4.8722e-007	24.652	4.4281e-007	2.0322e-007
589.84	4.8807e-007	24.101	4.4553e-007	1.993e-007
596.13	4.8885e-007	23.547	4.4814e-007	1.953e-007
602.5	4.8953e-007	22.992	4.5064e-007	1.9121e-007
608.93	4.9011e-007	22.434	4.5302e-007	1.8704e-007
615.43	4.9058e-007	21.876	4.5526e-007	1.8279e-007
622.	4.9094e-007	21.317	4.5736e-007	1.7847e-007
628.64	4.9118e-007	20.758	4.593e-007	1.7408e-007
635.35	4.913e-007	20.201	4.6108e-007	1.6965e-007
642.13	4.9129e-007	19.646	4.6269e-007	1.6518e-007
648.98	4.9116e-007	19.096	4.6413e-007	1.6069e-007
655.91	4.9092e-007	18.551	4.6541e-007	1.5619e-007
662.91	4.9056e-007	18.012	4.6652e-007	1.5169e-007
669.99	4.9011e-007	17.48	4.6748e-007	1.4722e-007
677.14	4.8957e-007	16.954	4.6829e-007	1.4276e-007
684.37	4.8895e-007	16.434	4.6898e-007	1.3833e-007
691.67	4.8826e-007	15.919	4.6953e-007	1.3392e-007
699.06	4.8749e-007	15.408	4.6997e-007	1.2952e-007
706.52	4.8664e-007	14.9	4.7028e-007	1.2513e-007
714.06	4.8571e-007	14.394	4.7046e-007	1.2075e-007
721.68	4.8468e-007	13.89	4.7051e-007	1.1635e-007
729.39	4.8354e-007	13.388	4.704e-007	1.1196e-007
737.17	4.8227e-007	12.887	4.7012e-007	1.0756e-007
745.04	4.8085e-007	12.392	4.6965e-007	1.0319e-007
752.99	4.7928e-007	11.903	4.6898e-007	9.8853e-008
761.03	4.7756e-007	11.423	4.681e-007	9.4585e-008
769.16	4.7569e-007	10.957	4.6702e-007	9.0414e-008
777.37	4.7369e-007	10.505	4.6575e-007	8.6365e-008
785.66	4.7158e-007	10.071	4.6431e-007	8.2462e-008
794.05	4.6938e-007	9.6543	4.6273e-007	7.8716e-008
802.53	4.6712e-007	9.2556	4.6104e-007	7.5131e-008
811.09	4.6481e-007	8.8734	4.5925e-007	7.1698e-008
819.75	4.6246e-007	8.5058	4.5738e-007	6.8403e-008
828.5	4.6008e-007	8.1509	4.5543e-007	6.523e-008
837.35	4.5765e-007	7.8072	4.5341e-007	6.2167e-008
846.28	4.5515e-007	7.4746	4.5128e-007	5.9209e-008
855.32	4.5257e-007	7.1544	4.4904e-007	5.6365e-008
864.45	4.4989e-007	6.8496	4.4668e-007	5.3655e-008
873.68	4.4711e-007	6.564	4.4418e-007	5.1111e-008
883.	4.4426e-007	6.3019	4.4157e-007	4.8765e-008
892.43	4.4135e-007	6.0664	4.3888e-007	4.6642e-008
901.95	4.3843e-007	5.8589	4.3614e-007	4.4754e-008
911.58	4.3553e-007	5.6785	4.3339e-007	4.3094e-008
921.31	4.3269e-007	5.5218	4.3068e-007	4.1635e-008
931.15	4.299e-007	5.3841	4.28e-007	4.0338e-008
941.09	4.2715e-007	5.2612	4.2535e-007	3.9168e-008
951.13	4.2441e-007	5.1511	4.227e-007	3.8105e-008
961.28	4.2163e-007	5.0559	4.1999e-007	3.7157e-008
971.54	4.1877e-007	4.9825	4.1718e-007	3.6371e-008
981.92	4.1582e-007	4.9416	4.1428e-007	3.5819e-008
992.4	4.1284e-007	4.945	4.1131e-007	3.5587e-008
1003.	4.0992e-007	5.0018	4.0836e-007	3.5739e-008
1013.7	4.0717e-007	5.1142	4.0555e-007	3.6296e-008
1024.5	4.0474e-007	5.275	4.0303e-007	3.721e-008
1035.5	4.0271e-007	5.4669	4.0088e-007	3.8367e-008
1046.5	4.0111e-007	5.6667	3.9915e-007	3.9606e-008
1057.7	3.9987e-007	5.8508	3.9779e-007	4.0762e-008
1069.	3.9884e-007	6.004	3.9665e-007	4.1717e-008
1080.4	3.9781e-007	6.1257	3.9554e-007	4.245e-008
1091.9	3.9663e-007	6.2325	3.9428e-007	4.3059e-008
1103.6	3.9521e-007	6.3545	3.9278e-007	4.3742e-008
1115.3	3.9363e-007	6.5254	3.9108e-007	4.4733e-008
1127.3	3.921e-007	6.7694	3.8936e-007	4.6218e-008
1139.3	3.9089e-007	7.0898	3.879e-007	4.8246e-008
1151.4	3.9029e-007	7.4633	3.8698e-007	5.0695e-008
1163.7	3.9043e-007	7.8459	3.8678e-007	5.3297e-008
1176.2	3.9126e-007	8.1871	3.8727e-007	5.5717e-008
1188.7	3.9253e-007	8.45	3.8827e-007	5.768e-008
1201.4	3.9389e-007	8.627	3.8943e-007	5.9084e-008
1214.2	3.9504e-007	8.7443	3.9045e-007	6.0056e-008
1227.2	3.9587e-007	8.8502	3.9116e-007	6.0905e-008
1240.3	3.9652e-007	8.9919	3.9164e-007	6.1973e-008
1253.5	3.9734e-007	9.189	3.9224e-007	6.3451e-008
1266.9	3.9871e-007	9.4188	3.9333e-007	6.5249e-008
1280.4	4.0082e-007	9.623	3.9518e-007	6.7002e-008
1294.1	4.0352e-007	9.7349	3.9771e-007	6.8231e-008
1307.9	4.0637e-007	9.7166	4.0054e-007	6.8585e-008
1321.9	4.088e-007	9.5846	4.0309e-007	6.8067e-008
1336.	4.1046e-007	9.4078	4.0494e-007	6.7094e-008
1350.2	4.1144e-007	9.2728	4.0607e-007	6.6298e-008
1364.7	4.1228e-007	9.2332	4.0694e-007	6.6152e-008
1379.2	4.1366e-007	9.2693	4.0826e-007	6.663e-008
1393.9	4.16e-007	9.29	4.1054e-007	6.7155e-008
1408.8	4.1907e-007	9.1831	4.137e-007	6.6879e-008
1423.9	4.2205e-007	8.8885	4.1699e-007	6.5213e-008
1439.1	4.2395e-007	8.4517	4.1935e-007	6.2311e-008
1454.4	4.2427e-007	8.0132	4.2013e-007	5.9144e-008
1470.	4.2347e-007	7.7288	4.1963e-007	5.6951e-008
1485.6	4.2283e-007	7.659	4.1906e-007	5.6354e-008
1501.5	4.2362e-007	7.7058	4.1979e-007	5.6802e-008
1517.5	4.2612e-007	7.6572	4.2232e-007	5.6779e-008
1533.7	4.2922e-007	7.3312	4.2571e-007	5.4771e-008
1550.1	4.3094e-007	6.7306	4.2797e-007	5.0507e-008
1566.6	4.2986e-007	6.088	4.2744e-007	4.5589e-008
1583.4	4.2653e-007	5.7336	4.2439e-007	4.2611e-008
1600.3	4.2352e-007	5.8409	4.2132e-007	4.31e-008
1617.4	4.2377e-007	6.2301	4.2127e-007	4.5989e-008
1634.6	4.2826e-007	6.4187	4.2558e-007	4.7876e-008
1652.1	4.3461e-007	5.9439	4.3227e-007	4.5006e-008
1669.7	4.3796e-007	4.754	4.3645e-007	3.6297e-008
1687.5	4.3434e-007	3.3623	4.3359e-007	2.5474e-008
1705.5	4.244e-007	2.576	4.2397e-007	1.9075e-008
1723.7	4.1378e-007	2.9123	4.1325e-007	2.1023e-008
1742.1	4.0916e-007	4.1269	4.081e-007	2.9445e-008
1760.7	4.134e-007	5.2888	4.1164e-007	3.8105e-008
1779.5	4.2326e-007	5.4435	4.2135e-007	4.0152e-008
1798.5	4.3108e-007	4.3602	4.2984e-007	3.2773e-008
1817.7	4.304e-007	2.7321	4.2991e-007	2.0515e-008
1837.1	4.2158e-007	1.6157	4.2141e-007	1.1887e-008
1856.7	4.1098e-007	1.5519	4.1083e-007	1.113e-008
1876.6	4.0431e-007	2.2054	4.0401e-007	1.5559e-008
1896.6	4.0195e-007	2.888	4.0144e-007	2.0252e-008
1916.8	4.0066e-007	3.3805	3.9997e-007	2.3626e-008
1937.3	3.9947e-007	4.0449	3.9848e-007	2.8178e-008
1958.	4.0213e-007	5.0011	4.006e-007	3.5056e-008
1978.9	4.1176e-007	5.4452	4.099e-007	3.9073e-008
2000.	4.2296e-007	4.2757	4.2178e-007	3.1534e-008
