Frequency (Hz)	Amplitude (MPa)	Phase Angle (deg)	Real (MPa)	Imaginary (MPa)
10.	8.7314e-009	90.287	-4.3661e-011	8.7313e-009
10.079	8.7877e-009	90.294	-4.5078e-011	8.7876e-009
10.158	8.8441e-009	90.302	-4.6543e-011	8.8439e-009
10.238	8.9005e-009	90.309	-4.8058e-011	8.9004e-009
10.319	8.9571e-009	90.317	-4.9625e-011	8.9569e-009
10.4	9.0137e-009	90.326	-5.1245e-011	9.0135e-009
10.482	9.0704e-009	90.334	-5.2921e-011	9.0702e-009
10.564	9.1271e-009	90.343	-5.4654e-011	9.1269e-009
10.647	9.1839e-009	90.352	-5.6446e-011	9.1837e-009
10.731	9.2407e-009	90.361	-5.83e-011	9.2405e-009
10.816	9.2975e-009	90.371	-6.0218e-011	9.2973e-009
10.901	9.3544e-009	90.381	-6.2202e-011	9.3542e-009
10.986	9.4112e-009	90.391	-6.4254e-011	9.411e-009
11.073	9.468e-009	90.402	-6.6378e-011	9.4678e-009
11.16	9.5248e-009	90.413	-6.8575e-011	9.5246e-009
11.248	9.5815e-009	90.424	-7.0849e-011	9.5813e-009
11.336	9.6382e-009	90.435	-7.3202e-011	9.6379e-009
11.426	9.6948e-009	90.447	-7.5637e-011	9.6945e-009
11.516	9.7512e-009	90.459	-7.8157e-011	9.7509e-009
11.606	9.8076e-009	90.472	-8.0765e-011	9.8073e-009
11.698	9.8638e-009	90.485	-8.3465e-011	9.8635e-009
11.79	9.9199e-009	90.498	-8.6261e-011	9.9195e-009
11.882	9.9758e-009	90.512	-8.9155e-011	9.9754e-009
11.976	1.0031e-008	90.526	-9.2151e-011	1.0031e-008
12.07	1.0087e-008	90.541	-9.5253e-011	1.0086e-008
12.165	1.0142e-008	90.556	-9.8466e-011	1.0142e-008
12.261	1.0197e-008	90.572	-1.0179e-010	1.0197e-008
12.357	1.0252e-008	90.588	-1.0524e-010	1.0251e-008
12.455	1.0306e-008	90.605	-1.0881e-010	1.0306e-008
12.553	1.036e-008	90.622	-1.125e-010	1.036e-008
12.652	1.0414e-008	90.64	-1.1634e-010	1.0413e-008
12.751	1.0467e-008	90.659	-1.203e-010	1.0466e-008
12.851	1.052e-008	90.678	-1.2442e-010	1.0519e-008
12.953	1.0572e-008	90.697	-1.2868e-010	1.0571e-008
13.055	1.0624e-008	90.718	-1.3309e-010	1.0623e-008
13.157	1.0675e-008	90.739	-1.3767e-010	1.0675e-008
13.261	1.0726e-008	90.761	-1.4241e-010	1.0725e-008
13.365	1.0776e-008	90.783	-1.4733e-010	1.0775e-008
13.47	1.0826e-008	90.807	-1.5243e-010	1.0825e-008
13.576	1.0875e-008	90.831	-1.5772e-010	1.0874e-008
13.683	1.0923e-008	90.856	-1.632e-010	1.0922e-008
13.791	1.097e-008	90.882	-1.6888e-010	1.0969e-008
13.9	1.1017e-008	90.909	-1.7478e-010	1.1015e-008
14.009	1.1062e-008	90.937	-1.809e-010	1.1061e-008
14.119	1.1107e-008	90.966	-1.8725e-010	1.1106e-008
14.23	1.1151e-008	90.996	-1.9383e-010	1.1149e-008
14.342	1.1194e-008	91.027	-2.0066e-010	1.1192e-008
14.455	1.1235e-008	91.06	-2.0776e-010	1.1233e-008
14.569	1.1276e-008	91.093	-2.1512e-010	1.1274e-008
14.684	1.1315e-008	91.128	-2.2276e-010	1.1313e-008
14.799	1.1353e-008	91.164	-2.307e-010	1.1351e-008
14.916	1.139e-008	91.202	-2.3894e-010	1.1387e-008
15.033	1.1425e-008	91.241	-2.475e-010	1.1423e-008
15.151	1.1459e-008	91.282	-2.5639e-010	1.1456e-008
15.271	1.1491e-008	91.324	-2.6562e-010	1.1488e-008
15.391	1.1522e-008	91.369	-2.7522e-010	1.1519e-008
15.512	1.1551e-008	91.415	-2.8519e-010	1.1547e-008
15.634	1.1578e-008	91.463	-2.9555e-010	1.1574e-008
15.757	1.1603e-008	91.513	-3.0633e-010	1.1599e-008
15.881	1.1626e-008	91.565	-3.1753e-010	1.1622e-008
16.006	1.1647e-008	91.62	-3.2918e-010	1.1643e-008
16.132	1.1666e-008	91.676	-3.4129e-010	1.1661e-008
16.259	1.1683e-008	91.736	-3.539e-010	1.1677e-008
16.387	1.1697e-008	91.798	-3.6701e-010	1.1691e-008
16.516	1.1708e-008	91.863	-3.8066e-010	1.1702e-008
16.646	1.1717e-008	91.931	-3.9487e-010	1.171e-008
16.777	1.1723e-008	92.003	-4.0966e-010	1.1715e-008
16.909	1.1725e-008	92.078	-4.2506e-010	1.1718e-008
17.042	1.1725e-008	92.156	-4.4111e-010	1.1717e-008
17.176	1.1721e-008	92.238	-4.5782e-010	1.1713e-008
17.311	1.1714e-008	92.325	-4.7524e-010	1.1705e-008
17.448	1.1704e-008	92.416	-4.9339e-010	1.1693e-008
17.585	1.1689e-008	92.512	-5.1232e-010	1.1678e-008
17.723	1.167e-008	92.613	-5.3206e-010	1.1658e-008
17.863	1.1648e-008	92.72	-5.5264e-010	1.1634e-008
18.003	1.162e-008	92.832	-5.7413e-010	1.1606e-008
18.145	1.1588e-008	92.951	-5.9655e-010	1.1573e-008
18.288	1.1551e-008	93.077	-6.1995e-010	1.1535e-008
18.432	1.1509e-008	93.21	-6.4439e-010	1.1491e-008
18.577	1.1461e-008	93.351	-6.6993e-010	1.1442e-008
18.723	1.1408e-008	93.501	-6.9661e-010	1.1387e-008
18.871	1.1349e-008	93.66	-7.245e-010	1.1325e-008
19.019	1.1283e-008	93.83	-7.5366e-010	1.1258e-008
19.169	1.121e-008	94.011	-7.8416e-010	1.1183e-008
19.32	1.1131e-008	94.205	-8.1608e-010	1.1101e-008
19.472	1.1044e-008	94.412	-8.495e-010	1.1011e-008
19.625	1.0949e-008	94.634	-8.8449e-010	1.0913e-008
19.779	1.0846e-008	94.872	-9.2115e-010	1.0806e-008
19.935	1.0734e-008	95.129	-9.5957e-010	1.0691e-008
20.092	1.0613e-008	95.406	-9.9986e-010	1.0566e-008
20.25	1.0482e-008	95.706	-1.0421e-009	1.043e-008
20.409	1.0341e-008	96.031	-1.0865e-009	1.0284e-008
20.57	1.019e-008	96.384	-1.133e-009	1.0126e-008
20.732	1.0027e-008	96.77	-1.182e-009	9.9566e-009
20.895	9.8516e-009	97.192	-1.2334e-009	9.7741e-009
21.06	9.6641e-009	97.656	-1.2875e-009	9.578e-009
21.225	9.4633e-009	98.167	-1.3444e-009	9.3673e-009
21.392	9.2486e-009	98.734	-1.4044e-009	9.1413e-009
21.561	9.0191e-009	99.364	-1.4675e-009	8.8989e-009
21.731	8.7742e-009	100.07	-1.5341e-009	8.6391e-009
21.902	8.5132e-009	100.86	-1.6043e-009	8.3607e-009
22.074	8.2353e-009	101.76	-1.6785e-009	8.0624e-009
22.248	7.9398e-009	102.78	-1.7568e-009	7.743e-009
22.423	7.6261e-009	103.96	-1.8397e-009	7.4009e-009
22.599	7.2938e-009	105.32	-1.9274e-009	7.0345e-009
22.777	6.9426e-009	106.92	-2.0202e-009	6.6422e-009
22.956	6.5728e-009	108.8	-2.1187e-009	6.222e-009
23.137	6.1852e-009	111.07	-2.2232e-009	5.7718e-009
23.319	5.7816e-009	113.81	-2.3342e-009	5.2895e-009
23.503	5.3655e-009	117.2	-2.4522e-009	4.7724e-009
23.688	4.9432e-009	121.43	-2.5778e-009	4.2178e-009
23.874	4.5253e-009	126.82	-2.7118e-009	3.6228e-009
24.062	4.1295e-009	133.73	-2.8547e-009	2.9839e-009
24.251	3.7846e-009	142.62	-3.0074e-009	2.2976e-009
24.442	3.5336e-009	153.81	-3.1708e-009	1.5595e-009
24.635	3.4324e-009	167.12	-3.346e-009	7.653e-010
24.829	3.5351e-009	-178.54	-3.534e-009	-9.0287e-011
25.024	3.871e-009	-164.83	-3.7361e-009	-1.013e-009
25.221	4.4351e-009	-153.06	-3.9539e-009	-2.0092e-009
25.419	5.2031e-009	-143.62	-4.1889e-009	-3.0863e-009
25.619	6.1501e-009	-136.26	-4.4431e-009	-4.2524e-009
25.821	7.2597e-009	-130.54	-4.7186e-009	-5.5171e-009
26.024	8.5244e-009	-126.06	-5.018e-009	-6.8909e-009
26.229	9.9443e-009	-122.51	-5.3441e-009	-8.3863e-009
26.436	1.1526e-008	-119.64	-5.7004e-009	-1.0017e-008
26.644	1.328e-008	-117.3	-6.0908e-009	-1.1801e-008
26.853	1.5222e-008	-115.36	-6.52e-009	-1.3755e-008
27.065	1.7373e-008	-113.74	-6.9937e-009	-1.5903e-008
27.278	1.9758e-008	-112.37	-7.5183e-009	-1.8272e-008
27.492	2.2408e-008	-111.2	-8.1021e-009	-2.0892e-008
27.709	2.5361e-008	-110.19	-8.7549e-009	-2.3802e-008
27.927	2.8663e-008	-109.33	-9.4885e-009	-2.7047e-008
28.147	3.2371e-008	-108.59	-1.0318e-008	-3.0682e-008
28.368	3.6556e-008	-107.94	-1.1263e-008	-3.4777e-008
28.591	4.1305e-008	-107.39	-1.2346e-008	-3.9417e-008
28.816	4.6732e-008	-106.92	-1.3599e-008	-4.471e-008
29.043	5.2979e-008	-106.52	-1.5063e-008	-5.0793e-008
29.272	6.0235e-008	-106.19	-1.6793e-008	-5.7847e-008
29.502	6.8749e-008	-105.93	-1.8864e-008	-6.611e-008
29.734	7.886e-008	-105.73	-2.1383e-008	-7.5906e-008
29.968	9.1044e-008	-105.61	-2.4504e-008	-8.7684e-008
30.204	1.0598e-007	-105.58	-2.8459e-008	-1.0209e-007
30.442	1.2469e-007	-105.64	-3.3614e-008	-1.2007e-007
30.682	1.4875e-007	-105.83	-4.0576e-008	-1.4311e-007
30.923	1.8079e-007	-106.19	-5.0423e-008	-1.7362e-007
31.167	2.2544e-007	-106.82	-6.5245e-008	-2.1579e-007
31.412	2.9179e-007	-107.89	-8.9627e-008	-2.7769e-007
31.659	4.0027e-007	-109.79	-1.3551e-007	-3.7664e-007
31.908	6.0769e-007	-113.65	-2.4376e-007	-5.5666e-007
32.159	1.1402e-006	-124.2	-6.4092e-007	-9.4307e-007
32.412	2.9225e-006	179.9	-2.9225e-006	5.2327e-009
32.668	1.4167e-006	106.95	-4.1308e-007	1.3552e-006
32.925	7.6619e-007	93.613	-4.8276e-008	7.6466e-007
33.184	5.3e-007	89.089	8.4225e-009	5.2993e-007
33.445	4.1083e-007	86.889	2.2294e-008	4.1022e-007
33.708	3.3942e-007	85.617	2.594e-008	3.3843e-007
33.974	2.9201e-007	84.804	2.6446e-008	2.9081e-007
34.241	2.5832e-007	84.25	2.5881e-008	2.5702e-007
34.51	2.3319e-007	83.855	2.4963e-008	2.3185e-007
34.782	2.1378e-007	83.564	2.3963e-008	2.1243e-007
35.056	1.9835e-007	83.344	2.2989e-008	1.9701e-007
35.332	1.8583e-007	83.175	2.2082e-008	1.8451e-007
35.61	1.7547e-007	83.043	2.1254e-008	1.7418e-007
35.89	1.6679e-007	82.938	2.0506e-008	1.6553e-007
36.173	1.5942e-007	82.854	1.9833e-008	1.5819e-007
36.457	1.5311e-007	82.785	1.9228e-008	1.5189e-007
36.744	1.4764e-007	82.73	1.8684e-008	1.4645e-007
37.033	1.4288e-007	82.683	1.8196e-008	1.4172e-007
37.325	1.387e-007	82.645	1.7757e-008	1.3756e-007
37.619	1.3502e-007	82.612	1.7361e-008	1.339e-007
37.915	1.3176e-007	82.585	1.7005e-008	1.3066e-007
38.213	1.2886e-007	82.561	1.6684e-008	1.2777e-007
38.514	1.2627e-007	82.54	1.6394e-008	1.252e-007
38.817	1.2395e-007	82.521	1.6133e-008	1.2289e-007
39.122	1.2187e-007	82.504	1.5898e-008	1.2083e-007
39.43	1.2e-007	82.489	1.5686e-008	1.1897e-007
39.741	1.1831e-007	82.475	1.5495e-008	1.173e-007
40.054	1.168e-007	82.461	1.5324e-008	1.1579e-007
40.369	1.1543e-007	82.448	1.517e-008	1.1443e-007
40.686	1.1419e-007	82.436	1.5032e-008	1.132e-007
41.007	1.1308e-007	82.423	1.491e-008	1.1209e-007
41.329	1.1207e-007	82.411	1.4802e-008	1.1109e-007
41.655	1.1116e-007	82.398	1.4706e-008	1.1019e-007
41.983	1.1035e-007	82.385	1.4623e-008	1.0938e-007
42.313	1.0962e-007	82.372	1.455e-008	1.0865e-007
42.646	1.0896e-007	82.359	1.4489e-008	1.08e-007
42.982	1.0838e-007	82.345	1.4437e-008	1.0741e-007
43.32	1.0786e-007	82.331	1.4394e-008	1.0689e-007
43.661	1.074e-007	82.316	1.436e-008	1.0644e-007
44.005	1.07e-007	82.301	1.4335e-008	1.0603e-007
44.351	1.0665e-007	82.285	1.4317e-008	1.0568e-007
44.7	1.0635e-007	82.268	1.4307e-008	1.0538e-007
45.052	1.0609e-007	82.251	1.4304e-008	1.0512e-007
45.406	1.0588e-007	82.234	1.4308e-008	1.0491e-007
45.764	1.0571e-007	82.215	1.4319e-008	1.0474e-007
46.124	1.0558e-007	82.196	1.4336e-008	1.046e-007
46.487	1.0548e-007	82.176	1.4359e-008	1.045e-007
46.853	1.0542e-007	82.156	1.4387e-008	1.0443e-007
47.222	1.0539e-007	82.135	1.4422e-008	1.0439e-007
47.593	1.0539e-007	82.113	1.4462e-008	1.0439e-007
47.968	1.0541e-007	82.09	1.4507e-008	1.0441e-007
48.345	1.0547e-007	82.067	1.4557e-008	1.0446e-007
48.726	1.0556e-007	82.043	1.4613e-008	1.0454e-007
49.109	1.0566e-007	82.018	1.4673e-008	1.0464e-007
49.496	1.058e-007	81.992	1.4738e-008	1.0477e-007
49.885	1.0595e-007	81.966	1.4808e-008	1.0491e-007
50.278	1.0613e-007	81.939	1.4883e-008	1.0509e-007
50.674	1.0634e-007	81.911	1.4962e-008	1.0528e-007
51.073	1.0656e-007	81.882	1.5046e-008	1.0549e-007
51.475	1.068e-007	81.853	1.5135e-008	1.0572e-007
51.88	1.0706e-007	81.823	1.5227e-008	1.0597e-007
52.288	1.0734e-007	81.792	1.5325e-008	1.0624e-007
52.7	1.0764e-007	81.76	1.5426e-008	1.0653e-007
53.114	1.0796e-007	81.728	1.5532e-008	1.0683e-007
53.532	1.0829e-007	81.695	1.5642e-008	1.0715e-007
53.954	1.0864e-007	81.661	1.5757e-008	1.0749e-007
54.378	1.0901e-007	81.626	1.5876e-008	1.0784e-007
54.806	1.0939e-007	81.59	1.5999e-008	1.0821e-007
55.238	1.0979e-007	81.554	1.6126e-008	1.086e-007
55.672	1.102e-007	81.516	1.6258e-008	1.09e-007
56.111	1.1063e-007	81.478	1.6394e-008	1.0941e-007
56.552	1.1107e-007	81.439	1.6534e-008	1.0984e-007
56.997	1.1153e-007	81.399	1.6679e-008	1.1028e-007
57.446	1.12e-007	81.359	1.6828e-008	1.1073e-007
57.898	1.1249e-007	81.317	1.6981e-008	1.112e-007
58.354	1.1299e-007	81.275	1.7139e-008	1.1168e-007
58.813	1.135e-007	81.232	1.7301e-008	1.1217e-007
59.276	1.1403e-007	81.188	1.7468e-008	1.1268e-007
59.742	1.1456e-007	81.143	1.7639e-008	1.132e-007
60.213	1.1512e-007	81.097	1.7815e-008	1.1373e-007
60.687	1.1568e-007	81.05	1.7996e-008	1.1427e-007
61.164	1.1626e-007	81.003	1.8181e-008	1.1483e-007
61.646	1.1685e-007	80.954	1.8371e-008	1.1539e-007
62.131	1.1745e-007	80.905	1.8566e-008	1.1597e-007
62.62	1.1806e-007	80.854	1.8766e-008	1.1656e-007
63.113	1.1869e-007	80.803	1.8971e-008	1.1717e-007
63.609	1.1933e-007	80.75	1.9181e-008	1.1778e-007
64.11	1.1998e-007	80.697	1.9396e-008	1.184e-007
64.615	1.2064e-007	80.643	1.9616e-008	1.1904e-007
65.123	1.2132e-007	80.587	1.9841e-008	1.1968e-007
65.636	1.22e-007	80.531	2.0072e-008	1.2034e-007
66.152	1.227e-007	80.473	2.0308e-008	1.2101e-007
66.673	1.2341e-007	80.415	2.055e-008	1.2169e-007
67.198	1.2413e-007	80.355	2.0798e-008	1.2238e-007
67.727	1.2487e-007	80.294	2.1051e-008	1.2308e-007
68.26	1.2561e-007	80.232	2.131e-008	1.2379e-007
68.797	1.2637e-007	80.169	2.1576e-008	1.2451e-007
69.338	1.2714e-007	80.105	2.1847e-008	1.2525e-007
69.884	1.2792e-007	80.04	2.2125e-008	1.2599e-007
70.434	1.2871e-007	79.973	2.2408e-008	1.2674e-007
70.988	1.2951e-007	79.906	2.2699e-008	1.2751e-007
71.547	1.3032e-007	79.837	2.2996e-008	1.2828e-007
72.11	1.3115e-007	79.767	2.33e-008	1.2906e-007
72.678	1.3199e-007	79.695	2.3611e-008	1.2986e-007
73.25	1.3284e-007	79.622	2.3929e-008	1.3066e-007
73.826	1.337e-007	79.548	2.4254e-008	1.3148e-007
74.407	1.3457e-007	79.473	2.4586e-008	1.3231e-007
74.993	1.3545e-007	79.396	2.4926e-008	1.3314e-007
75.583	1.3635e-007	79.318	2.5274e-008	1.3399e-007
76.178	1.3726e-007	79.238	2.5629e-008	1.3484e-007
76.778	1.3818e-007	79.157	2.5993e-008	1.3571e-007
77.382	1.3911e-007	79.075	2.6365e-008	1.3659e-007
77.991	1.4005e-007	78.991	2.6745e-008	1.3747e-007
78.605	1.4101e-007	78.905	2.7134e-008	1.3837e-007
79.223	1.4197e-007	78.818	2.7532e-008	1.3928e-007
79.847	1.4295e-007	78.729	2.7939e-008	1.4019e-007
80.475	1.4394e-007	78.639	2.8355e-008	1.4112e-007
81.109	1.4494e-007	78.547	2.8781e-008	1.4206e-007
81.747	1.4596e-007	78.453	2.9216e-008	1.4301e-007
82.391	1.4699e-007	78.358	2.9661e-008	1.4396e-007
83.039	1.4802e-007	78.261	3.0116e-008	1.4493e-007
83.693	1.4908e-007	78.162	3.0582e-008	1.4591e-007
84.351	1.5014e-007	78.062	3.1058e-008	1.4689e-007
85.015	1.5122e-007	77.959	3.1545e-008	1.4789e-007
85.684	1.523e-007	77.855	3.2044e-008	1.4889e-007
86.359	1.534e-007	77.748	3.2553e-008	1.4991e-007
87.038	1.5452e-007	77.64	3.3075e-008	1.5094e-007
87.723	1.5564e-007	77.53	3.3608e-008	1.5197e-007
88.414	1.5678e-007	77.418	3.4154e-008	1.5302e-007
89.11	1.5793e-007	77.303	3.4712e-008	1.5407e-007
89.811	1.591e-007	77.187	3.5284e-008	1.5514e-007
90.518	1.6028e-007	77.068	3.5868e-008	1.5621e-007
91.23	1.6147e-007	76.947	3.6466e-008	1.5729e-007
91.948	1.6267e-007	76.824	3.7078e-008	1.5839e-007
92.672	1.6388e-007	76.699	3.7704e-008	1.5949e-007
93.401	1.6511e-007	76.572	3.8344e-008	1.606e-007
94.137	1.6636e-007	76.442	3.9e-008	1.6172e-007
94.877	1.6761e-007	76.309	3.9671e-008	1.6285e-007
95.624	1.6888e-007	76.174	4.0357e-008	1.6399e-007
96.377	1.7016e-007	76.037	4.106e-008	1.6514e-007
97.135	1.7146e-007	75.897	4.1779e-008	1.6629e-007
97.9	1.7277e-007	75.754	4.2515e-008	1.6746e-007
98.67	1.7409e-007	75.609	4.3269e-008	1.6863e-007
99.447	1.7543e-007	75.461	4.404e-008	1.6981e-007
100.23	1.7678e-007	75.31	4.483e-008	1.71e-007
101.02	1.7815e-007	75.156	4.5638e-008	1.722e-007
101.81	1.7953e-007	75.	4.6466e-008	1.7341e-007
102.61	1.8092e-007	74.84	4.7314e-008	1.7463e-007
103.42	1.8233e-007	74.677	4.8182e-008	1.7585e-007
104.24	1.8376e-007	74.512	4.9071e-008	1.7708e-007
105.06	1.8519e-007	74.342	4.9982e-008	1.7832e-007
105.88	1.8665e-007	74.17	5.0915e-008	1.7957e-007
106.72	1.8812e-007	73.994	5.1871e-008	1.8082e-007
107.56	1.896e-007	73.815	5.2851e-008	1.8209e-007
108.4	1.911e-007	73.632	5.3855e-008	1.8336e-007
109.26	1.9262e-007	73.445	5.4884e-008	1.8463e-007
110.12	1.9415e-007	73.254	5.5939e-008	1.8591e-007
110.98	1.957e-007	73.06	5.7021e-008	1.872e-007
111.86	1.9726e-007	72.861	5.813e-008	1.885e-007
112.74	1.9884e-007	72.658	5.9269e-008	1.898e-007
113.62	2.0044e-007	72.451	6.0437e-008	1.9111e-007
114.52	2.0206e-007	72.239	6.1636e-008	1.9242e-007
115.42	2.0369e-007	72.023	6.2867e-008	1.9374e-007
116.33	2.0534e-007	71.801	6.4131e-008	1.9507e-007
117.24	2.0701e-007	71.575	6.543e-008	1.964e-007
118.17	2.087e-007	71.343	6.6765e-008	1.9773e-007
119.1	2.1041e-007	71.105	6.8138e-008	1.9907e-007
120.03	2.1214e-007	70.862	6.955e-008	2.0042e-007
120.98	2.1389e-007	70.612	7.1003e-008	2.0176e-007
121.93	2.1567e-007	70.356	7.25e-008	2.0311e-007
122.89	2.1746e-007	70.093	7.4043e-008	2.0447e-007
123.86	2.1928e-007	69.823	7.5633e-008	2.0582e-007
124.83	2.2112e-007	69.546	7.7273e-008	2.0718e-007
125.82	2.2299e-007	69.26	7.8967e-008	2.0854e-007
126.81	2.2488e-007	68.965	8.0718e-008	2.099e-007
127.8	2.268e-007	68.661	8.2528e-008	2.1125e-007
128.81	2.2875e-007	68.348	8.4403e-008	2.1261e-007
129.82	2.3073e-007	68.024	8.6345e-008	2.1396e-007
130.85	2.3274e-007	67.688	8.836e-008	2.1531e-007
131.88	2.3478e-007	67.34	9.0453e-008	2.1666e-007
132.91	2.3686e-007	66.979	9.263e-008	2.18e-007
133.96	2.3897e-007	66.603	9.4897e-008	2.1932e-007
135.01	2.4113e-007	66.211	9.7262e-008	2.2064e-007
136.08	2.4332e-007	65.803	9.9733e-008	2.2194e-007
137.15	2.4556e-007	65.375	1.0232e-007	2.2323e-007
138.23	2.4784e-007	64.927	1.0503e-007	2.2449e-007
139.31	2.5018e-007	64.455	1.0788e-007	2.2572e-007
140.41	2.5257e-007	63.959	1.1088e-007	2.2692e-007
141.52	2.5501e-007	63.434	1.1405e-007	2.2808e-007
142.63	2.5751e-007	62.877	1.174e-007	2.2919e-007
143.75	2.6008e-007	62.285	1.2096e-007	2.3024e-007
144.88	2.6272e-007	61.653	1.2474e-007	2.3121e-007
146.02	2.6543e-007	60.975	1.2878e-007	2.3209e-007
147.17	2.6822e-007	60.246	1.3311e-007	2.3286e-007
148.33	2.7109e-007	59.458	1.3776e-007	2.3347e-007
149.5	2.7404e-007	58.601	1.4278e-007	2.3391e-007
150.68	2.7709e-007	57.665	1.4821e-007	2.3413e-007
151.86	2.8023e-007	56.637	1.5411e-007	2.3405e-007
153.06	2.8346e-007	55.499	1.6056e-007	2.3361e-007
154.26	2.8678e-007	54.232	1.6762e-007	2.3269e-007
155.48	2.9017e-007	52.811	1.7539e-007	2.3116e-007
156.7	2.936e-007	51.203	1.8396e-007	2.2882e-007
157.93	2.9702e-007	49.368	1.9342e-007	2.2541e-007
159.18	3.0036e-007	47.252	2.0388e-007	2.2056e-007
160.43	3.0346e-007	44.787	2.1537e-007	2.1378e-007
161.69	3.0609e-007	41.884	2.2788e-007	2.0435e-007
162.96	3.0784e-007	38.425	2.4117e-007	1.9132e-007
164.25	3.0805e-007	34.26	2.546e-007	1.7341e-007
165.54	3.0561e-007	29.196	2.6679e-007	1.4908e-007
166.84	2.9879e-007	23.01	2.7502e-007	1.168e-007
168.16	2.8503e-007	15.477	2.7469e-007	7.6061e-008
169.48	2.6112e-007	6.4701	2.5945e-007	2.9424e-008
170.81	2.2431e-007	-3.8653	2.238e-007	-1.5121e-008
172.16	1.7462e-007	-14.898	1.6875e-007	-4.4895e-008
173.51	1.1653e-007	-25.354	1.053e-007	-4.9898e-008
174.88	5.749e-008	-32.417	4.8531e-008	-3.0819e-008
176.25	8.0774e-009	19.733	7.603e-009	2.7272e-009
177.64	4.3774e-008	112.62	-1.6835e-008	4.0407e-008
179.04	8.1112e-008	110.67	-2.8628e-008	7.5892e-008
180.45	1.1144e-007	106.78	-3.2167e-008	1.067e-007
181.87	1.3605e-007	103.09	-3.0815e-008	1.3251e-007
183.3	1.562e-007	99.868	-2.6768e-008	1.5389e-007
184.74	1.7292e-007	97.094	-2.1354e-008	1.716e-007
186.2	1.8701e-007	94.707	-1.5346e-008	1.8638e-007
187.66	1.9907e-007	92.642	-9.1775e-009	1.9886e-007
189.14	2.0954e-007	90.844	-3.0858e-009	2.0951e-007
190.63	2.1874e-007	89.265	2.8059e-009	2.1873e-007
192.13	2.2695e-007	87.869	8.4398e-009	2.2679e-007
193.64	2.3433e-007	86.625	1.3795e-008	2.3393e-007
195.16	2.4106e-007	85.51	1.887e-008	2.4032e-007
196.7	2.4723e-007	84.505	2.3675e-008	2.4609e-007
198.25	2.5294e-007	83.593	2.8225e-008	2.5136e-007
199.81	2.5827e-007	82.763	3.2534e-008	2.5621e-007
201.38	2.6326e-007	82.004	3.6621e-008	2.607e-007
202.97	2.6797e-007	81.308	4.0498e-008	2.6489e-007
204.56	2.7243e-007	80.667	4.4179e-008	2.6882e-007
206.17	2.7667e-007	80.077	4.7675e-008	2.7253e-007
207.8	2.8071e-007	79.534	5.0992e-008	2.7604e-007
209.43	2.8458e-007	79.033	5.4138e-008	2.7938e-007
211.08	2.8829e-007	78.574	5.7113e-008	2.8258e-007
212.74	2.9185e-007	78.152	5.9919e-008	2.8563e-007
214.42	2.9527e-007	77.769	6.2552e-008	2.8857e-007
216.1	2.9856e-007	77.424	6.5005e-008	2.914e-007
217.8	3.0172e-007	77.118	6.7269e-008	2.9413e-007
219.52	3.0477e-007	76.851	6.933e-008	2.9678e-007
221.25	3.0769e-007	76.626	7.1169e-008	2.9935e-007
222.99	3.105e-007	76.447	7.2762e-008	3.0185e-007
224.74	3.132e-007	76.318	7.408e-008	3.0431e-007
226.51	3.1579e-007	76.245	7.5086e-008	3.0673e-007
228.29	3.1827e-007	76.234	7.5732e-008	3.0913e-007
230.09	3.2066e-007	76.297	7.5962e-008	3.1153e-007
231.9	3.2296e-007	76.443	7.5703e-008	3.1396e-007
233.73	3.2519e-007	76.69	7.4864e-008	3.1646e-007
235.57	3.2738e-007	77.057	7.3329e-008	3.1907e-007
237.42	3.2958e-007	77.568	7.095e-008	3.2185e-007
239.29	3.3186e-007	78.259	6.7532e-008	3.2492e-007
241.17	3.3434e-007	79.171	6.2815e-008	3.2839e-007
243.07	3.3722e-007	80.364	5.6448e-008	3.3246e-007
244.98	3.4084e-007	81.915	4.7937e-008	3.3745e-007
246.91	3.4576e-007	83.928	3.6575e-008	3.4382e-007
248.86	3.5304e-007	86.54	2.1309e-008	3.524e-007
250.81	3.6462e-007	89.92	5.1197e-010	3.6462e-007
252.79	3.8433e-007	94.244	-2.844e-008	3.8327e-007
254.78	4.2021e-007	99.579	-6.9924e-008	4.1435e-007
256.78	4.9045e-007	105.5	-1.3109e-007	4.7261e-007
258.8	6.3997e-007	110.	-2.1887e-007	6.0138e-007
260.84	9.8141e-007	106.09	-2.7193e-007	9.4298e-007
262.89	1.4709e-006	76.252	3.4956e-007	1.4287e-006
264.96	1.1611e-006	41.512	8.6942e-007	7.6953e-007
267.05	8.0696e-007	31.627	6.871e-007	4.2316e-007
269.15	6.2815e-007	30.877	5.3912e-007	3.2236e-007
271.27	5.2653e-007	32.785	4.4265e-007	2.8511e-007
273.4	4.5824e-007	35.936	3.7103e-007	2.6894e-007
275.56	4.0584e-007	40.644	3.0794e-007	2.6435e-007
277.72	3.6663e-007	48.464	2.4311e-007	2.7444e-007
279.91	3.6024e-007	60.993	1.7469e-007	3.1505e-007
282.11	4.2964e-007	72.158	1.3164e-007	4.0898e-007
284.33	5.4945e-007	71.081	1.7815e-007	5.1977e-007
286.57	6.1816e-007	63.019	2.8046e-007	5.5088e-007
288.83	6.2694e-007	56.075	3.499e-007	5.2021e-007
291.1	6.1363e-007	51.594	3.812e-007	4.8086e-007
293.39	5.9677e-007	48.783	3.9322e-007	4.4891e-007
295.7	5.815e-007	46.943	3.9701e-007	4.2489e-007
298.03	5.6868e-007	45.665	3.9742e-007	4.0676e-007
300.37	5.5806e-007	44.722	3.9652e-007	3.9269e-007
302.74	5.4921e-007	43.985	3.9517e-007	3.8141e-007
305.12	5.4171e-007	43.38	3.9373e-007	3.7206e-007
307.52	5.3521e-007	42.861	3.9231e-007	3.6406e-007
309.94	5.294e-007	42.403	3.9092e-007	3.5699e-007
312.38	5.2403e-007	41.99	3.8949e-007	3.5057e-007
314.84	5.1885e-007	41.614	3.8791e-007	3.4457e-007
317.32	5.1363e-007	41.278	3.86e-007	3.3885e-007
319.82	5.0812e-007	40.992	3.8353e-007	3.333e-007
322.33	5.0205e-007	40.777	3.8018e-007	3.2789e-007
324.87	4.9508e-007	40.679	3.7546e-007	3.227e-007
327.43	4.8692e-007	40.78	3.687e-007	3.1803e-007
330.	4.7735e-007	41.238	3.5896e-007	3.1467e-007
332.6	4.6687e-007	42.338	3.4511e-007	3.1444e-007
335.22	4.5819e-007	44.525	3.2666e-007	3.2129e-007
337.86	4.5956e-007	48.089	3.0697e-007	3.42e-007
340.52	4.8446e-007	51.853	2.9925e-007	3.8099e-007
343.2	5.3173e-007	52.905	3.2071e-007	4.2412e-007
345.9	5.7464e-007	50.746	3.6361e-007	4.4497e-007
348.62	5.9776e-007	47.576	4.0326e-007	4.4125e-007
351.36	6.0621e-007	44.769	4.3038e-007	4.2692e-007
354.13	6.0768e-007	42.563	4.4758e-007	4.1104e-007
356.92	6.0645e-007	40.841	4.588e-007	3.9659e-007
359.72	6.0439e-007	39.454	4.6667e-007	3.8407e-007
362.56	6.0222e-007	38.296	4.7263e-007	3.7321e-007
365.41	6.0022e-007	37.293	4.775e-007	3.6367e-007
368.29	5.9846e-007	36.397	4.8172e-007	3.5511e-007
371.18	5.9695e-007	35.575	4.8553e-007	3.4729e-007
374.11	5.9566e-007	34.807	4.8908e-007	3.4001e-007
377.05	5.9454e-007	34.077	4.9245e-007	3.3312e-007
380.02	5.9356e-007	33.373	4.9569e-007	3.2651e-007
383.01	5.9268e-007	32.685	4.9883e-007	3.2007e-007
386.02	5.9187e-007	32.008	5.0189e-007	3.1372e-007
389.06	5.9108e-007	31.335	5.0487e-007	3.0739e-007
392.12	5.9028e-007	30.659	5.0777e-007	3.01e-007
395.21	5.8941e-007	29.975	5.1057e-007	2.9448e-007
398.32	5.8842e-007	29.276	5.1327e-007	2.8775e-007
401.46	5.8723e-007	28.553	5.1581e-007	2.8068e-007
404.61	5.8574e-007	27.797	5.1815e-007	2.7315e-007
407.8	5.8378e-007	26.996	5.2017e-007	2.6499e-007
411.01	5.8112e-007	26.132	5.2172e-007	2.5594e-007
414.24	5.7737e-007	25.182	5.2249e-007	2.4567e-007
417.5	5.7187e-007	24.118	5.2195e-007	2.3368e-007
420.79	5.6347e-007	22.899	5.1906e-007	2.1925e-007
424.1	5.4986e-007	21.492	5.1163e-007	2.0145e-007
427.44	5.2636e-007	19.952	4.9477e-007	1.7962e-007
430.8	4.8336e-007	18.951	4.5716e-007	1.5698e-007
434.19	4.1284e-007	22.758	3.807e-007	1.597e-007
437.61	4.0345e-007	40.089	3.0866e-007	2.5982e-007
441.06	5.2834e-007	45.385	3.7107e-007	3.761e-007
444.53	6.0453e-007	40.364	4.6062e-007	3.9152e-007
448.03	6.3345e-007	35.991	5.1253e-007	3.7225e-007
451.55	6.4567e-007	32.925	5.4196e-007	3.5095e-007
455.11	6.5234e-007	30.674	5.6107e-007	3.328e-007
458.69	6.5722e-007	28.896	5.754e-007	3.1758e-007
462.3	6.617e-007	27.394	5.875e-007	3.0445e-007
465.94	6.664e-007	26.051	5.9869e-007	2.9266e-007
469.6	6.7164e-007	24.79	6.0975e-007	2.8161e-007
473.3	6.7767e-007	23.553	6.2122e-007	2.7079e-007
477.03	6.8472e-007	22.287	6.3357e-007	2.5968e-007
480.78	6.9304e-007	20.938	6.4727e-007	2.4767e-007
484.56	7.0289e-007	19.438	6.6282e-007	2.3391e-007
488.38	7.1457e-007	17.69	6.8078e-007	2.1713e-007
492.22	7.2828e-007	15.545	7.0164e-007	1.9517e-007
496.1	7.4374e-007	12.763	7.2536e-007	1.6431e-007
500.	7.5896e-007	8.9505	7.4972e-007	1.1808e-007
