Frequency (Hz)	Amplitude (MPa)	Phase Angle (deg)	Real (MPa)	Imaginary (MPa)
10.	2.1291e-007	-90.012	-4.5441e-011	-2.1291e-007
10.079	2.1492e-007	-90.013	-4.7047e-011	-2.1492e-007
10.158	2.1696e-007	-90.013	-4.8713e-011	-2.1696e-007
10.238	2.1902e-007	-90.013	-5.0441e-011	-2.1902e-007
10.319	2.211e-007	-90.014	-5.2234e-011	-2.211e-007
10.4	2.2321e-007	-90.014	-5.4093e-011	-2.2321e-007
10.482	2.2535e-007	-90.014	-5.6023e-011	-2.2535e-007
10.564	2.2752e-007	-90.015	-5.8025e-011	-2.2752e-007
10.647	2.2971e-007	-90.015	-6.0103e-011	-2.2971e-007
10.731	2.3193e-007	-90.015	-6.2259e-011	-2.3193e-007
10.816	2.3419e-007	-90.016	-6.4497e-011	-2.3419e-007
10.901	2.3647e-007	-90.016	-6.682e-011	-2.3647e-007
10.986	2.3878e-007	-90.017	-6.9232e-011	-2.3878e-007
11.073	2.4112e-007	-90.017	-7.1737e-011	-2.4112e-007
11.16	2.4349e-007	-90.017	-7.4337e-011	-2.4349e-007
11.248	2.459e-007	-90.018	-7.7038e-011	-2.459e-007
11.336	2.4834e-007	-90.018	-7.9843e-011	-2.4834e-007
11.426	2.5081e-007	-90.019	-8.2757e-011	-2.5081e-007
11.516	2.5331e-007	-90.019	-8.5784e-011	-2.5331e-007
11.606	2.5585e-007	-90.02	-8.8929e-011	-2.5585e-007
11.698	2.5843e-007	-90.02	-9.2197e-011	-2.5843e-007
11.79	2.6104e-007	-90.021	-9.5593e-011	-2.6104e-007
11.882	2.6369e-007	-90.022	-9.9123e-011	-2.6369e-007
11.976	2.6638e-007	-90.022	-1.0279e-010	-2.6638e-007
12.07	2.691e-007	-90.023	-1.0661e-010	-2.691e-007
12.165	2.7187e-007	-90.023	-1.1058e-010	-2.7187e-007
12.261	2.7467e-007	-90.024	-1.147e-010	-2.7467e-007
12.357	2.7752e-007	-90.025	-1.1899e-010	-2.7752e-007
12.455	2.8041e-007	-90.025	-1.2346e-010	-2.8041e-007
12.553	2.8335e-007	-90.026	-1.281e-010	-2.8335e-007
12.652	2.8632e-007	-90.027	-1.3294e-010	-2.8632e-007
12.751	2.8935e-007	-90.027	-1.3797e-010	-2.8935e-007
12.851	2.9242e-007	-90.028	-1.432e-010	-2.9242e-007
12.953	2.9554e-007	-90.029	-1.4866e-010	-2.9554e-007
13.055	2.987e-007	-90.03	-1.5433e-010	-2.987e-007
13.157	3.0192e-007	-90.03	-1.6024e-010	-3.0192e-007
13.261	3.0519e-007	-90.031	-1.664e-010	-3.0519e-007
13.365	3.0851e-007	-90.032	-1.7282e-010	-3.0851e-007
13.47	3.1189e-007	-90.033	-1.795e-010	-3.1189e-007
13.576	3.1532e-007	-90.034	-1.8647e-010	-3.1532e-007
13.683	3.1881e-007	-90.035	-1.9373e-010	-3.1881e-007
13.791	3.2235e-007	-90.036	-2.013e-010	-3.2235e-007
13.9	3.2596e-007	-90.037	-2.092e-010	-3.2596e-007
14.009	3.2963e-007	-90.038	-2.1744e-010	-3.2963e-007
14.119	3.3336e-007	-90.039	-2.2603e-010	-3.3336e-007
14.23	3.3715e-007	-90.04	-2.3499e-010	-3.3715e-007
14.342	3.4102e-007	-90.041	-2.4435e-010	-3.4102e-007
14.455	3.4495e-007	-90.042	-2.5412e-010	-3.4495e-007
14.569	3.4895e-007	-90.043	-2.6432e-010	-3.4895e-007
14.684	3.5303e-007	-90.045	-2.7497e-010	-3.5303e-007
14.799	3.5718e-007	-90.046	-2.861e-010	-3.5718e-007
14.916	3.614e-007	-90.047	-2.9772e-010	-3.614e-007
15.033	3.6571e-007	-90.049	-3.0988e-010	-3.6571e-007
15.151	3.7009e-007	-90.05	-3.2258e-010	-3.7009e-007
15.271	3.7457e-007	-90.051	-3.3587e-010	-3.7457e-007
15.391	3.7912e-007	-90.053	-3.4976e-010	-3.7912e-007
15.512	3.8377e-007	-90.054	-3.643e-010	-3.8377e-007
15.634	3.8851e-007	-90.056	-3.7952e-010	-3.8851e-007
15.757	3.9334e-007	-90.058	-3.9545e-010	-3.9334e-007
15.881	3.9828e-007	-90.059	-4.1213e-010	-3.9828e-007
16.006	4.0331e-007	-90.061	-4.2961e-010	-4.0331e-007
16.132	4.0845e-007	-90.063	-4.4792e-010	-4.0845e-007
16.259	4.1369e-007	-90.065	-4.6711e-010	-4.1369e-007
16.387	4.1905e-007	-90.067	-4.8724e-010	-4.1905e-007
16.516	4.2452e-007	-90.069	-5.0835e-010	-4.2452e-007
16.646	4.3011e-007	-90.071	-5.305e-010	-4.3011e-007
16.777	4.3583e-007	-90.073	-5.5374e-010	-4.3583e-007
16.909	4.4167e-007	-90.075	-5.7816e-010	-4.4167e-007
17.042	4.4765e-007	-90.077	-6.038e-010	-4.4765e-007
17.176	4.5376e-007	-90.08	-6.3074e-010	-4.5376e-007
17.311	4.6002e-007	-90.082	-6.5906e-010	-4.6002e-007
17.448	4.6642e-007	-90.085	-6.8885e-010	-4.6642e-007
17.585	4.7298e-007	-90.087	-7.2019e-010	-4.7298e-007
17.723	4.7969e-007	-90.09	-7.5318e-010	-4.7969e-007
17.863	4.8657e-007	-90.093	-7.8791e-010	-4.8657e-007
18.003	4.9363e-007	-90.096	-8.2451e-010	-4.9363e-007
18.145	5.0086e-007	-90.099	-8.6308e-010	-5.0086e-007
18.288	5.0827e-007	-90.102	-9.0375e-010	-5.0827e-007
18.432	5.1589e-007	-90.105	-9.4666e-010	-5.1588e-007
18.577	5.237e-007	-90.109	-9.9196e-010	-5.237e-007
18.723	5.3172e-007	-90.112	-1.0398e-009	-5.3172e-007
18.871	5.3996e-007	-90.116	-1.0904e-009	-5.3996e-007
19.019	5.4843e-007	-90.119	-1.1438e-009	-5.4843e-007
19.169	5.5714e-007	-90.123	-1.2004e-009	-5.5714e-007
19.32	5.6609e-007	-90.128	-1.2602e-009	-5.6609e-007
19.472	5.7531e-007	-90.132	-1.3236e-009	-5.7531e-007
19.625	5.848e-007	-90.136	-1.3908e-009	-5.848e-007
19.779	5.9458e-007	-90.141	-1.4621e-009	-5.9458e-007
19.935	6.0465e-007	-90.146	-1.5378e-009	-6.0465e-007
20.092	6.1504e-007	-90.151	-1.6182e-009	-6.1504e-007
20.25	6.2576e-007	-90.156	-1.7036e-009	-6.2576e-007
20.409	6.3683e-007	-90.161	-1.7944e-009	-6.3682e-007
20.57	6.4826e-007	-90.167	-1.8912e-009	-6.4825e-007
20.732	6.6007e-007	-90.173	-1.9942e-009	-6.6006e-007
20.895	6.7228e-007	-90.179	-2.1041e-009	-6.7228e-007
21.06	6.8492e-007	-90.186	-2.2214e-009	-6.8492e-007
21.225	6.9801e-007	-90.193	-2.3467e-009	-6.98e-007
21.392	7.1157e-007	-90.2	-2.4806e-009	-7.1156e-007
21.561	7.2563e-007	-90.207	-2.624e-009	-7.2562e-007
21.731	7.4022e-007	-90.215	-2.7777e-009	-7.4021e-007
21.902	7.5537e-007	-90.223	-2.9424e-009	-7.5536e-007
22.074	7.7112e-007	-90.232	-3.1194e-009	-7.7111e-007
22.248	7.875e-007	-90.241	-3.3096e-009	-7.8749e-007
22.423	8.0455e-007	-90.25	-3.5143e-009	-8.0454e-007
22.599	8.2232e-007	-90.26	-3.735e-009	-8.2231e-007
22.777	8.4085e-007	-90.271	-3.9731e-009	-8.4084e-007
22.956	8.6019e-007	-90.282	-4.2304e-009	-8.6018e-007
23.137	8.8041e-007	-90.293	-4.5089e-009	-8.804e-007
23.319	9.0156e-007	-90.306	-4.8108e-009	-9.0155e-007
23.503	9.2372e-007	-90.319	-5.1384e-009	-9.237e-007
23.688	9.4695e-007	-90.332	-5.4948e-009	-9.4693e-007
23.874	9.7133e-007	-90.347	-5.8829e-009	-9.7132e-007
24.062	9.9697e-007	-90.362	-6.3066e-009	-9.9695e-007
24.251	1.024e-006	-90.379	-6.7698e-009	-1.0239e-006
24.442	1.0524e-006	-90.396	-7.2774e-009	-1.0524e-006
24.635	1.0825e-006	-90.415	-7.8349e-009	-1.0824e-006
24.829	1.1142e-006	-90.434	-8.4485e-009	-1.1142e-006
25.024	1.1479e-006	-90.456	-9.1256e-009	-1.1478e-006
25.221	1.1836e-006	-90.478	-9.8747e-009	-1.1835e-006
25.419	1.2215e-006	-90.502	-1.0706e-008	-1.2215e-006
25.619	1.262e-006	-90.528	-1.163e-008	-1.2619e-006
25.821	1.3052e-006	-90.556	-1.2662e-008	-1.3051e-006
26.024	1.3514e-006	-90.586	-1.3818e-008	-1.3513e-006
26.229	1.401e-006	-90.618	-1.5117e-008	-1.4009e-006
26.436	1.4543e-006	-90.653	-1.6583e-008	-1.4542e-006
26.644	1.5118e-006	-90.691	-1.8244e-008	-1.5117e-006
26.853	1.5741e-006	-90.733	-2.0135e-008	-1.5739e-006
27.065	1.6416e-006	-90.778	-2.2298e-008	-1.6415e-006
27.278	1.7153e-006	-90.828	-2.4785e-008	-1.7151e-006
27.492	1.7958e-006	-90.883	-2.7662e-008	-1.7956e-006
27.709	1.8843e-006	-90.943	-3.1011e-008	-1.8841e-006
27.927	1.982e-006	-91.01	-3.4937e-008	-1.9817e-006
28.147	2.0904e-006	-91.085	-3.9576e-008	-2.0901e-006
28.368	2.2115e-006	-91.169	-4.5104e-008	-2.211e-006
28.591	2.3474e-006	-91.263	-5.1757e-008	-2.3468e-006
28.816	2.5013e-006	-91.371	-5.9849e-008	-2.5006e-006
29.043	2.6769e-006	-91.494	-6.9815e-008	-2.6759e-006
29.272	2.8791e-006	-91.637	-8.2262e-008	-2.8779e-006
29.502	3.1146e-006	-91.804	-9.8063e-008	-3.1131e-006
29.734	3.3924e-006	-92.002	-1.1851e-007	-3.3904e-006
29.968	3.725e-006	-92.239	-1.4555e-007	-3.7221e-006
30.204	4.1303e-006	-92.53	-1.8231e-007	-4.1263e-006
30.442	4.6353e-006	-92.893	-2.3393e-007	-4.6293e-006
30.682	5.2816e-006	-93.359	-3.0946e-007	-5.2726e-006
30.923	6.1385e-006	-93.979	-4.2592e-007	-6.1237e-006
31.167	7.3283e-006	-94.842	-6.1855e-007	-7.3021e-006
31.412	9.0904e-006	-96.125	-9.699e-007	-9.0385e-006
31.659	1.1963e-005	-98.227	-1.7117e-006	-1.184e-005
31.908	1.7439e-005	-102.27	-3.7074e-006	-1.704e-005
32.159	3.1448e-005	-113.	-1.2288e-005	-2.8948e-005
32.412	7.7528e-005	-169.06	-7.612e-005	-1.4708e-005
32.668	3.6176e-005	117.84	-1.6894e-005	3.1989e-005
32.925	1.8846e-005	104.36	-4.6742e-006	1.8257e-005
33.184	1.2567e-005	99.706	-2.1187e-006	1.2387e-005
33.445	9.3958e-006	97.384	-1.2076e-006	9.3179e-006
33.708	7.4923e-006	95.998	-7.8291e-007	7.4513e-006
33.974	6.2248e-006	95.079	-5.5107e-007	6.2004e-006
34.241	5.3208e-006	94.426	-4.1058e-007	5.3049e-006
34.51	4.6437e-006	93.938	-3.1893e-007	4.6327e-006
34.782	4.1176e-006	93.561	-2.5575e-007	4.1096e-006
35.056	3.697e-006	93.261	-2.103e-007	3.6911e-006
35.332	3.3532e-006	93.017	-1.7647e-007	3.3486e-006
35.61	3.0668e-006	92.814	-1.5059e-007	3.0631e-006
35.89	2.8245e-006	92.644	-1.3032e-007	2.8215e-006
36.173	2.6169e-006	92.5	-1.1414e-007	2.6144e-006
36.457	2.437e-006	92.375	-1.01e-007	2.4349e-006
36.744	2.2796e-006	92.267	-9.0181e-008	2.2778e-006
37.033	2.1406e-006	92.173	-8.1158e-008	2.1391e-006
37.325	2.0171e-006	92.09	-7.3549e-008	2.0157e-006
37.619	1.9065e-006	92.016	-6.7068e-008	1.9053e-006
37.915	1.8069e-006	91.951	-6.1501e-008	1.8058e-006
38.213	1.7168e-006	91.892	-5.6681e-008	1.7158e-006
38.514	1.6348e-006	91.84	-5.2477e-008	1.6339e-006
38.817	1.5598e-006	91.792	-4.8787e-008	1.5591e-006
39.122	1.4911e-006	91.75	-4.5529e-008	1.4904e-006
39.43	1.4278e-006	91.711	-4.2637e-008	1.4272e-006
39.741	1.3693e-006	91.676	-4.0058e-008	1.3688e-006
40.054	1.3151e-006	91.645	-3.7747e-008	1.3146e-006
40.369	1.2648e-006	91.616	-3.5667e-008	1.2643e-006
40.686	1.2178e-006	91.59	-3.3788e-008	1.2173e-006
41.007	1.1739e-006	91.566	-3.2085e-008	1.1735e-006
41.329	1.1328e-006	91.545	-3.0535e-008	1.1324e-006
41.655	1.0942e-006	91.525	-2.9121e-008	1.0938e-006
41.983	1.0579e-006	91.507	-2.7828e-008	1.0576e-006
42.313	1.0237e-006	91.491	-2.6641e-008	1.0234e-006
42.646	9.9141e-007	91.477	-2.5549e-008	9.9108e-007
42.982	9.6085e-007	91.464	-2.4542e-008	9.6053e-007
43.32	9.3189e-007	91.452	-2.3611e-008	9.3159e-007
43.661	9.0441e-007	91.441	-2.2749e-008	9.0412e-007
44.005	8.7829e-007	91.432	-2.1949e-008	8.7801e-007
44.351	8.5343e-007	91.424	-2.1205e-008	8.5316e-007
44.7	8.2973e-007	91.417	-2.0513e-008	8.2948e-007
45.052	8.0712e-007	91.41	-1.9867e-008	8.0688e-007
45.406	7.8552e-007	91.405	-1.9263e-008	7.8528e-007
45.764	7.6485e-007	91.401	-1.8698e-008	7.6462e-007
46.124	7.4506e-007	91.397	-1.8169e-008	7.4484e-007
46.487	7.2609e-007	91.395	-1.7673e-008	7.2587e-007
46.853	7.0788e-007	91.393	-1.7206e-008	7.0767e-007
47.222	6.9039e-007	91.392	-1.6768e-008	6.9019e-007
47.593	6.7357e-007	91.391	-1.6355e-008	6.7337e-007
47.968	6.5738e-007	91.392	-1.5966e-008	6.5719e-007
48.345	6.4179e-007	91.393	-1.5599e-008	6.416e-007
48.726	6.2675e-007	91.394	-1.5252e-008	6.2657e-007
49.109	6.1225e-007	91.397	-1.4925e-008	6.1207e-007
49.496	5.9824e-007	91.4	-1.4615e-008	5.9806e-007
49.885	5.847e-007	91.404	-1.4322e-008	5.8452e-007
50.278	5.716e-007	91.408	-1.4045e-008	5.7143e-007
50.674	5.5893e-007	91.413	-1.3782e-008	5.5876e-007
51.073	5.4666e-007	91.419	-1.3533e-008	5.4649e-007
51.475	5.3476e-007	91.425	-1.3297e-008	5.346e-007
51.88	5.2322e-007	91.432	-1.3072e-008	5.2306e-007
52.288	5.1203e-007	91.439	-1.2859e-008	5.1186e-007
52.7	5.0115e-007	91.447	-1.2657e-008	5.0099e-007
53.114	4.9059e-007	91.456	-1.2465e-008	4.9043e-007
53.532	4.8032e-007	91.465	-1.2283e-008	4.8016e-007
53.954	4.7033e-007	91.475	-1.2109e-008	4.7017e-007
54.378	4.606e-007	91.486	-1.1945e-008	4.6045e-007
54.806	4.5113e-007	91.497	-1.1788e-008	4.5098e-007
55.238	4.419e-007	91.509	-1.1639e-008	4.4175e-007
55.672	4.3291e-007	91.522	-1.1498e-008	4.3276e-007
56.111	4.2413e-007	91.535	-1.1364e-008	4.2398e-007
56.552	4.1557e-007	91.549	-1.1236e-008	4.1542e-007
56.997	4.0721e-007	91.564	-1.1115e-008	4.0706e-007
57.446	3.9904e-007	91.58	-1.1e-008	3.9889e-007
57.898	3.9106e-007	91.596	-1.0891e-008	3.9091e-007
58.354	3.8326e-007	91.613	-1.0788e-008	3.8311e-007
58.813	3.7563e-007	91.631	-1.069e-008	3.7548e-007
59.276	3.6816e-007	91.649	-1.0597e-008	3.6801e-007
59.742	3.6085e-007	91.669	-1.051e-008	3.607e-007
60.213	3.5369e-007	91.689	-1.0427e-008	3.5354e-007
60.687	3.4667e-007	91.711	-1.0349e-008	3.4652e-007
61.164	3.398e-007	91.733	-1.0276e-008	3.3964e-007
61.646	3.3305e-007	91.756	-1.0207e-008	3.329e-007
62.131	3.2644e-007	91.78	-1.0142e-008	3.2628e-007
62.62	3.1994e-007	91.806	-1.0081e-008	3.1979e-007
63.113	3.1357e-007	91.832	-1.0024e-008	3.1341e-007
63.609	3.0731e-007	91.859	-9.9718e-009	3.0715e-007
64.11	3.0116e-007	91.888	-9.923e-009	3.01e-007
64.615	2.9512e-007	91.918	-9.8779e-009	2.9495e-007
65.123	2.8917e-007	91.949	-9.8364e-009	2.8901e-007
65.636	2.8333e-007	91.982	-9.7986e-009	2.8316e-007
66.152	2.7758e-007	92.016	-9.7642e-009	2.7741e-007
66.673	2.7192e-007	92.051	-9.7333e-009	2.7174e-007
67.198	2.6634e-007	92.088	-9.7058e-009	2.6617e-007
67.727	2.6085e-007	92.127	-9.6817e-009	2.6067e-007
68.26	2.5545e-007	92.167	-9.6608e-009	2.5526e-007
68.797	2.5012e-007	92.21	-9.6432e-009	2.4993e-007
69.338	2.4486e-007	92.254	-9.6289e-009	2.4467e-007
69.884	2.3968e-007	92.3	-9.6177e-009	2.3949e-007
70.434	2.3457e-007	92.348	-9.6097e-009	2.3437e-007
70.988	2.2952e-007	92.398	-9.6049e-009	2.2932e-007
71.547	2.2454e-007	92.451	-9.6032e-009	2.2434e-007
72.11	2.1963e-007	92.506	-9.6047e-009	2.1942e-007
72.678	2.1477e-007	92.564	-9.6092e-009	2.1455e-007
73.25	2.0997e-007	92.625	-9.6169e-009	2.0975e-007
73.826	2.0522e-007	92.689	-9.6278e-009	2.05e-007
74.407	2.0053e-007	92.756	-9.6417e-009	2.003e-007
74.993	1.959e-007	92.826	-9.6588e-009	1.9566e-007
75.583	1.9131e-007	92.9	-9.6791e-009	1.9106e-007
76.178	1.8677e-007	92.978	-9.7026e-009	1.8651e-007
76.778	1.8227e-007	93.06	-9.7293e-009	1.8201e-007
77.382	1.7782e-007	93.146	-9.7592e-009	1.7755e-007
77.991	1.7341e-007	93.237	-9.7924e-009	1.7314e-007
78.605	1.6904e-007	93.333	-9.8289e-009	1.6876e-007
79.223	1.6472e-007	93.435	-9.8688e-009	1.6442e-007
79.847	1.6043e-007	93.542	-9.9122e-009	1.6012e-007
80.475	1.5617e-007	93.656	-9.959e-009	1.5585e-007
81.109	1.5195e-007	93.777	-1.0009e-008	1.5162e-007
81.747	1.4776e-007	93.905	-1.0063e-008	1.4742e-007
82.391	1.4361e-007	94.041	-1.0121e-008	1.4325e-007
83.039	1.3948e-007	94.186	-1.0182e-008	1.3911e-007
83.693	1.3539e-007	94.341	-1.0247e-008	1.35e-007
84.351	1.3132e-007	94.506	-1.0316e-008	1.3091e-007
85.015	1.2728e-007	94.682	-1.0389e-008	1.2685e-007
85.684	1.2326e-007	94.871	-1.0467e-008	1.2281e-007
86.359	1.1927e-007	95.074	-1.0548e-008	1.188e-007
87.038	1.153e-007	95.292	-1.0634e-008	1.148e-007
87.723	1.1135e-007	95.527	-1.0724e-008	1.1083e-007
88.414	1.0742e-007	95.78	-1.0819e-008	1.0687e-007
89.11	1.0351e-007	96.055	-1.0918e-008	1.0293e-007
89.811	9.9618e-008	96.353	-1.1023e-008	9.9006e-008
90.518	9.5744e-008	96.677	-1.1132e-008	9.5095e-008
91.23	9.1888e-008	97.03	-1.1247e-008	9.1197e-008
91.948	8.8047e-008	97.417	-1.1367e-008	8.731e-008
92.672	8.4221e-008	97.843	-1.1492e-008	8.3433e-008
93.401	8.041e-008	98.311	-1.1624e-008	7.9565e-008
94.137	7.6613e-008	98.83	-1.1761e-008	7.5705e-008
94.877	7.283e-008	99.407	-1.1904e-008	7.1851e-008
95.624	6.9062e-008	100.05	-1.2054e-008	6.8002e-008
96.377	6.5308e-008	100.78	-1.2211e-008	6.4156e-008
97.135	6.1568e-008	101.6	-1.2375e-008	6.0312e-008
97.9	5.7846e-008	102.53	-1.2546e-008	5.6469e-008
98.67	5.4142e-008	103.59	-1.2725e-008	5.2625e-008
99.447	5.0459e-008	104.83	-1.2912e-008	4.8779e-008
100.23	4.6803e-008	106.26	-1.3107e-008	4.493e-008
101.02	4.3178e-008	107.95	-1.331e-008	4.1075e-008
101.81	3.9595e-008	109.97	-1.3523e-008	3.7214e-008
102.61	3.6067e-008	112.4	-1.3745e-008	3.3345e-008
103.42	3.2613e-008	115.38	-1.3978e-008	2.9466e-008
104.24	2.9263e-008	119.07	-1.4221e-008	2.5576e-008
105.06	2.6062e-008	123.74	-1.4475e-008	2.1672e-008
105.88	2.3076e-008	129.7	-1.474e-008	1.7754e-008
106.72	2.0409e-008	137.38	-1.5018e-008	1.3819e-008
107.56	1.8213e-008	147.2	-1.5309e-008	9.8657e-009
108.4	1.6688e-008	159.33	-1.5614e-008	5.8918e-009
109.26	1.6045e-008	173.22	-1.5933e-008	1.8955e-009
110.12	1.6405e-008	-172.56	-1.6267e-008	-2.1254e-009
110.98	1.7727e-008	-159.62	-1.6617e-008	-6.1731e-009
111.86	1.9838e-008	-148.89	-1.6985e-008	-1.025e-008
112.74	2.2537e-008	-140.42	-1.7371e-008	-1.4358e-008
113.62	2.5657e-008	-133.86	-1.7777e-008	-1.85e-008
114.52	2.9081e-008	-128.75	-1.8203e-008	-2.2679e-008
115.42	3.2731e-008	-124.74	-1.8651e-008	-2.6897e-008
116.33	3.6559e-008	-121.54	-1.9123e-008	-3.1158e-008
117.24	4.053e-008	-118.95	-1.962e-008	-3.5465e-008
118.17	4.4625e-008	-116.83	-2.0145e-008	-3.982e-008
119.1	4.8831e-008	-115.08	-2.0698e-008	-4.4227e-008
120.03	5.3139e-008	-113.61	-2.1283e-008	-4.8691e-008
120.98	5.7545e-008	-112.37	-2.1901e-008	-5.3215e-008
121.93	6.2048e-008	-111.32	-2.2555e-008	-5.7803e-008
122.89	6.6647e-008	-110.42	-2.3249e-008	-6.246e-008
123.86	7.1344e-008	-109.64	-2.3985e-008	-6.7191e-008
124.83	7.6142e-008	-108.98	-2.4767e-008	-7.2001e-008
125.82	8.1045e-008	-108.41	-2.5599e-008	-7.6896e-008
126.81	8.6059e-008	-107.92	-2.6486e-008	-8.1882e-008
127.8	9.1189e-008	-107.51	-2.7432e-008	-8.6965e-008
128.81	9.6442e-008	-107.15	-2.8443e-008	-9.2153e-008
129.82	1.0183e-007	-106.86	-2.9525e-008	-9.7453e-008
130.85	1.0735e-007	-106.61	-3.0686e-008	-1.0287e-007
131.88	1.1303e-007	-106.41	-3.1934e-008	-1.0843e-007
132.91	1.1887e-007	-106.26	-3.3277e-008	-1.1412e-007
133.96	1.2488e-007	-106.15	-3.4727e-008	-1.1996e-007
135.01	1.3109e-007	-106.07	-3.6295e-008	-1.2597e-007
136.08	1.375e-007	-106.04	-3.7995e-008	-1.3215e-007
137.15	1.4414e-007	-106.05	-3.9842e-008	-1.3852e-007
138.23	1.5102e-007	-106.09	-4.1856e-008	-1.451e-007
139.31	1.5817e-007	-106.17	-4.4057e-008	-1.5191e-007
140.41	1.6561e-007	-106.3	-4.6471e-008	-1.5896e-007
141.52	1.7338e-007	-106.46	-4.9126e-008	-1.6628e-007
142.63	1.8151e-007	-106.67	-5.2059e-008	-1.7389e-007
143.75	1.9004e-007	-106.92	-5.5309e-008	-1.8181e-007
144.88	1.9901e-007	-107.22	-5.8927e-008	-1.9009e-007
146.02	2.0848e-007	-107.58	-6.2971e-008	-1.9874e-007
147.17	2.185e-007	-108.	-6.7515e-008	-2.0781e-007
148.33	2.2915e-007	-108.48	-7.2645e-008	-2.1733e-007
149.5	2.4052e-007	-109.04	-7.8471e-008	-2.2736e-007
150.68	2.5269e-007	-109.69	-8.5126e-008	-2.3792e-007
151.86	2.6579e-007	-110.43	-9.2777e-008	-2.4907e-007
153.06	2.7995e-007	-111.29	-1.0164e-007	-2.6085e-007
154.26	2.9534e-007	-112.28	-1.1197e-007	-2.7329e-007
155.48	3.1214e-007	-113.43	-1.2412e-007	-2.864e-007
156.7	3.306e-007	-114.77	-1.3854e-007	-3.0018e-007
157.93	3.5099e-007	-116.35	-1.5578e-007	-3.1453e-007
159.18	3.7362e-007	-118.21	-1.7661e-007	-3.2925e-007
160.43	3.9885e-007	-120.42	-2.0197e-007	-3.4393e-007
161.69	4.2705e-007	-123.08	-2.331e-007	-3.5782e-007
162.96	4.5855e-007	-126.3	-2.7149e-007	-3.6954e-007
164.25	4.9346e-007	-130.24	-3.1879e-007	-3.7666e-007
165.54	5.3141e-007	-135.09	-3.7638e-007	-3.7514e-007
166.84	5.7095e-007	-141.09	-4.4428e-007	-3.586e-007
168.16	6.086e-007	-148.47	-5.1876e-007	-3.1826e-007
169.48	6.3788e-007	-157.39	-5.8884e-007	-2.4528e-007
170.81	6.4946e-007	-167.75	-6.3467e-007	-1.3783e-007
172.16	6.3458e-007	-179.05	-6.3449e-007	-1.0495e-008
173.51	5.9116e-007	169.58	-5.8141e-007	1.0694e-007
174.88	5.2656e-007	159.07	-4.9182e-007	1.881e-007
176.25	4.5273e-007	150.03	-3.9219e-007	2.2617e-007
177.64	3.7963e-007	142.64	-3.0173e-007	2.3038e-007
179.04	3.1263e-007	136.81	-2.2792e-007	2.1399e-007
180.45	2.5353e-007	132.35	-1.7081e-007	1.8736e-007
181.87	2.0218e-007	129.13	-1.2759e-007	1.5683e-007
183.3	1.5766e-007	127.07	-9.5048e-008	1.2579e-007
184.74	1.1894e-007	126.33	-7.046e-008	9.5822e-008
186.2	8.5082e-008	127.44	-5.1722e-008	6.7555e-008
187.66	5.5526e-008	132.19	-3.7294e-008	4.1137e-008
189.14	3.0835e-008	147.68	-2.6058e-008	1.6486e-008
190.63	1.8424e-008	-159.08	-1.7209e-008	-6.5779e-009
192.13	3.0038e-008	-109.78	-1.0163e-008	-2.8266e-008
193.64	4.8998e-008	-95.26	-4.4919e-009	-4.8792e-008
195.16	6.8355e-008	-89.9	1.1917e-010	-6.8355e-008
196.7	8.7227e-008	-87.434	3.9053e-009	-8.7139e-008
198.25	1.0555e-007	-86.174	7.0434e-009	-1.0531e-007
199.81	1.2341e-007	-85.507	9.6681e-009	-1.2303e-007
201.38	1.4092e-007	-85.163	1.1883e-008	-1.4042e-007
202.97	1.5822e-007	-85.008	1.3767e-008	-1.5762e-007
204.56	1.7542e-007	-84.969	1.5382e-008	-1.7474e-007
206.17	1.9264e-007	-85.004	1.6778e-008	-1.9191e-007
207.8	2.1001e-007	-85.086	1.7991e-008	-2.0924e-007
209.43	2.2763e-007	-85.199	1.9051e-008	-2.2683e-007
211.08	2.4562e-007	-85.334	1.9981e-008	-2.4481e-007
212.74	2.6411e-007	-85.484	2.0796e-008	-2.6329e-007
214.42	2.8322e-007	-85.644	2.151e-008	-2.824e-007
216.1	3.031e-007	-85.813	2.2129e-008	-3.0229e-007
217.8	3.239e-007	-85.989	2.2656e-008	-3.2311e-007
219.52	3.458e-007	-86.171	2.3089e-008	-3.4503e-007
221.25	3.6899e-007	-86.361	2.3422e-008	-3.6825e-007
222.99	3.937e-007	-86.557	2.3641e-008	-3.9299e-007
224.74	4.2021e-007	-86.763	2.3728e-008	-4.1954e-007
226.51	4.4884e-007	-86.979	2.3652e-008	-4.4821e-007
228.29	4.7996e-007	-87.209	2.3374e-008	-4.7939e-007
230.09	5.1406e-007	-87.454	2.2835e-008	-5.1355e-007
231.9	5.5172e-007	-87.719	2.1955e-008	-5.5128e-007
233.73	5.9367e-007	-88.01	2.062e-008	-5.9331e-007
235.57	6.4086e-007	-88.331	1.8666e-008	-6.4059e-007
237.42	6.945e-007	-88.692	1.5859e-008	-6.9432e-007
239.29	7.5621e-007	-89.102	1.1849e-008	-7.5611e-007
241.17	8.2817e-007	-89.577	6.1087e-009	-8.2815e-007
243.07	9.1342e-007	-90.137	-2.1861e-009	-9.1342e-007
244.98	1.0163e-006	-90.81	-1.4368e-008	-1.0162e-006
246.91	1.1432e-006	-91.638	-3.2685e-008	-1.1427e-006
248.86	1.3041e-006	-92.687	-6.1139e-008	-1.3027e-006
250.81	1.515e-006	-94.063	-1.0733e-007	-1.5112e-006
252.79	1.8039e-006	-95.95	-1.8699e-007	-1.7942e-006
254.78	2.2234e-006	-98.702	-3.3638e-007	-2.1978e-006
256.78	2.8831e-006	-103.08	-6.5253e-007	-2.8083e-006
258.8	4.0428e-006	-111.03	-1.4511e-006	-3.7735e-006
260.84	6.3258e-006	-128.68	-3.9532e-006	-4.9384e-006
262.89	9.1369e-006	-172.01	-9.0482e-006	-1.2703e-006
264.96	6.653e-006	141.3	-5.192e-006	4.1599e-006
267.05	4.1712e-006	121.46	-2.1771e-006	3.5579e-006
269.15	2.9171e-006	112.5	-1.1163e-006	2.6951e-006
271.27	2.2141e-006	107.3	-6.5827e-007	2.114e-006
273.4	1.7702e-006	103.56	-4.1505e-007	1.7208e-006
275.56	1.4619e-006	100.29	-2.6123e-007	1.4384e-006
277.72	1.2266e-006	96.89	-1.4714e-007	1.2178e-006
279.91	1.0222e-006	93.061	-5.4588e-008	1.0208e-006
282.11	8.169e-007	89.979	2.9792e-010	8.169e-007
284.33	6.3192e-007	92.28	-2.514e-008	6.3142e-007
286.57	5.3942e-007	99.876	-9.2525e-008	5.3143e-007
288.83	5.0769e-007	105.04	-1.3173e-007	4.903e-007
291.1	4.8402e-007	107.12	-1.4249e-007	4.6257e-007
293.39	4.5726e-007	107.9	-1.4055e-007	4.3513e-007
295.7	4.2856e-007	108.26	-1.3427e-007	4.0699e-007
298.03	3.9975e-007	108.53	-1.2701e-007	3.7903e-007
300.37	3.7188e-007	108.83	-1.2003e-007	3.5198e-007
302.74	3.4547e-007	109.23	-1.1376e-007	3.262e-007
305.12	3.207e-007	109.74	-1.0833e-007	3.0185e-007
307.52	2.9762e-007	110.4	-1.0374e-007	2.7895e-007
309.94	2.7621e-007	111.22	-9.9955e-008	2.5749e-007
312.38	2.5644e-007	112.21	-9.6941e-008	2.3741e-007
314.84	2.383e-007	113.41	-9.4665e-008	2.1869e-007
317.32	2.218e-007	114.82	-9.3111e-008	2.0131e-007
319.82	2.0702e-007	116.47	-9.2277e-008	1.8532e-007
322.33	1.9412e-007	118.35	-9.2166e-008	1.7084e-007
324.87	1.8333e-007	120.4	-9.2766e-008	1.5813e-007
327.43	1.7501e-007	122.48	-9.3988e-008	1.4763e-007
330.	1.6958e-007	124.28	-9.5513e-008	1.4013e-007
332.6	1.6733e-007	125.17	-9.6379e-008	1.3679e-007
335.22	1.6782e-007	124.09	-9.4058e-008	1.3898e-007
337.86	1.6825e-007	119.59	-8.3079e-008	1.4631e-007
340.52	1.6148e-007	110.58	-5.6773e-008	1.5117e-007
343.2	1.3951e-007	98.117	-1.97e-008	1.3812e-007
345.9	1.052e-007	85.387	8.4601e-009	1.0486e-007
348.62	6.9838e-008	73.945	1.9314e-008	6.7114e-008
351.36	3.9989e-008	60.701	1.9569e-008	3.4873e-008
354.13	1.8283e-008	29.081	1.5978e-008	8.8862e-009
356.92	1.7228e-008	-47.46	1.1648e-008	-1.2693e-008
359.72	3.2433e-008	-76.381	7.637e-009	-3.1521e-008
362.56	4.8878e-008	-85.063	4.206e-009	-4.8696e-008
365.41	6.4927e-008	-88.81	1.3484e-009	-6.4913e-008
368.29	8.0625e-008	-90.723	-1.0172e-009	-8.0619e-008
371.18	9.6168e-008	-91.777	-2.982e-009	-9.6121e-008
374.11	1.1175e-007	-92.374	-4.6281e-009	-1.1165e-007
377.05	1.2753e-007	-92.708	-6.025e-009	-1.2739e-007
380.02	1.4369e-007	-92.885	-7.2312e-009	-1.4351e-007
383.01	1.6039e-007	-92.965	-8.297e-009	-1.6018e-007
386.02	1.778e-007	-92.988	-9.268e-009	-1.7756e-007
389.06	1.9613e-007	-92.978	-1.019e-008	-1.9587e-007
392.12	2.1561e-007	-92.954	-1.1112e-008	-2.1533e-007
395.21	2.3654e-007	-92.931	-1.2094e-008	-2.3623e-007
398.32	2.5928e-007	-92.922	-1.3217e-008	-2.5894e-007
401.46	2.8432e-007	-92.943	-1.4598e-008	-2.8394e-007
404.61	3.1231e-007	-93.014	-1.6421e-008	-3.1188e-007
407.8	3.4417e-007	-93.162	-1.8983e-008	-3.4364e-007
411.01	3.8119e-007	-93.429	-2.2799e-008	-3.8051e-007
414.24	4.2534e-007	-93.883	-2.8805e-008	-4.2436e-007
417.5	4.7962e-007	-94.641	-3.8805e-008	-4.7805e-007
420.79	5.4894e-007	-95.911	-5.6534e-008	-5.4602e-007
424.1	6.4156e-007	-98.097	-9.0367e-008	-6.3516e-007
427.44	7.7161e-007	-102.03	-1.6084e-007	-7.5466e-007
430.8	9.6037e-007	-109.54	-3.2128e-007	-9.0503e-007
434.19	1.2083e-006	-124.47	-6.8391e-007	-9.9609e-007
437.61	1.3291e-006	-150.22	-1.1536e-006	-6.6016e-007
441.06	1.0659e-006	-175.54	-1.0627e-006	-8.2888e-008
444.53	7.3262e-007	172.88	-7.2697e-007	9.0798e-008
448.03	5.1638e-007	172.81	-5.1231e-007	6.4656e-008
451.55	3.9533e-007	-179.94	-3.9533e-007	-4.1933e-010
455.11	3.3707e-007	-168.61	-3.3044e-007	-6.6541e-008
458.69	3.2062e-007	-156.53	-2.9409e-007	-1.277e-007
462.3	3.3121e-007	-146.14	-2.7505e-007	-1.8452e-007
465.94	3.5886e-007	-138.29	-2.6791e-007	-2.3875e-007
469.6	3.9798e-007	-132.76	-2.7019e-007	-2.922e-007
473.3	4.4624e-007	-129.06	-2.8118e-007	-3.4651e-007
477.03	5.0344e-007	-126.78	-3.0143e-007	-4.0323e-007
480.78	5.7091e-007	-125.66	-3.3282e-007	-4.6386e-007
484.56	6.5133e-007	-125.57	-3.7892e-007	-5.2977e-007
488.38	7.4903e-007	-126.53	-4.4588e-007	-6.0186e-007
492.22	8.7046e-007	-128.69	-5.4412e-007	-6.7943e-007
496.1	1.0249e-006	-132.4	-6.9105e-007	-7.5682e-007
500.	1.2239e-006	-138.33	-9.1416e-007	-8.1375e-007
